129.3872
110.5216
149.251
147.316
151.6585
156.8149
156.0596
153.0419
153.7917
154.2408
150.3669
147.6819
146.5037
144.9026
144.2962
145.4902
146.6821
146.0754
144.2657
143.0071
141.8237
140.1543
139.577
138.324
137.5642
139.4385
140.1876
138.9416
157.0198
156.0891
142.0683
138.0471
116.2395
119.1205
99.7935
146.6913
137.7917
137.1635
133.217
126.1128
118.4736
118.9088
121.4742
120.6767
118.3676
117.7026
116.0232
115.4908
117.1928
118.4272
117.4885
115.6761
114.7387
113.1816
109.9348
109.1017
110.8288
113.6955
114.2725
112.6683
118.7579
138.3681
125.7343
126.7829
127.2567
125.7655
82.8999
73.0429
149.4316
162.534
158.7491
149.2206
136.5942
124.2039
120.8294
122.4691
120.7807
117.7513
118.1726
117.0023
116.2523
117.4449
119.0177
119.4157
117.4555
115.8212
115.9635
115.9496
111.7629
107.1554
109.4858
115.0159
116.3685
129.913
155.7015
139.5682
130.3657
102.6954
126.3595
100.5558
96.57
175.7531
188.7853
190.509
178.5547
157.6252
148.7307
148.7634
150.4657
147.7678
145.6947
146.019
144.7099
144.1869
145.5366
146.7825
146.5526
145.2304
143.9764
142.3941
139.6017
137.852
137.6552
135.138
130.5573
131.0515
152.8645
178.9438
155.9815
135.8851
118.3254
132.2053
103.5265
110.6813
200.283
220.6392
226.3348
217.1177
193.954
182.7229
185.2232
188.8616
185.4688
183.4031
183.9758
183.3707
183.3592
183.9966
184.0061
183.0754
182.4241
182.5927
181.6254
178.153
177.7789
180.3568
180.0515
171.8417
166.9456
184.9021
205.9101
187.7058
148.6225
133.9351
157.6399
101.0543
106.8776
191.2681
211.1522
219.0213
207.3819
175.9083
160.0439
163.8532
167.5184
165.0595
163.6904
163.9795
162.9132
162.4465
162.2059
161.4859
160.0039
159.6773
160.3147
159.0579
155.218
154.5364
156.5497
157.5071
147.1627
142.074
162.6093
192.6786
173.4598
130.2107
121.8867
150.6278
92.8647
95.719
173.6124
192.9041
197.9299
180.3481
156.0151
145.8814
144.1479
148.1759
148.1297
148.6822
149.9197
149.022
147.6425
146.7813
145.9693
145.5277
145.1081
144.183
142.8417
142.6196
142.8155
139.8109
135.963
131.3282
130.2318
140.6162
169.3715
151.6015
120.9948
107.6688
133.7532
87.2622
87.4976
167.8649
183.6877
186.3444
167.1278
150.0752
137.7465
131.58
135.7468
135.4524
136.3526
138.0738
136.9198
135.4398
134.3688
133.7293
133.0805
131.9512
130.4876
129.7203
129.9381
128.363
124.0951
122.7555
120.9187
116.7975
130.0207
160.904
135.393
117.587
100.7814
115.6752
90.7542
89.154
170.7986
182.1094
186.0682
168.924
147.2011
133.9589
135.1636
138.9294
137.4865
137.5899
138.962
138.4155
136.8408
135.4757
134.3797
132.7442
131.5818
131.1482
129.6406
127.1606
126.4199
127.6726
127.907
119.5883
113.3447
135.6124
167.3405
135.3557
113.9396
95.9762
111.1077
90.9309
93.3312
174.3318
185.6538
190.5312
177.2301
151.174
138.303
140.5944
144.253
143.5141
143.0151
144.9092
144.4699
142.7884
141.933
141.1196
139.6675
138.3654
137.3316
134.8263
130.9531
130.4924
134.4105
133.2569
124.9709
120.7799
138.8985
170.2067
140.6217
115.8564
96.7264
110.8725
91.2032
94.02
174.6043
186.0739
190.3322
179.7587
154.9177
142.9536
140.8661
143.4897
144.1212
145.3
147.067
146.3838
144.7435
143.8235
143.3664
142.5672
140.9106
139.1305
137.9591
137.2126
136.0001
134.582
130.617
129.2667
132.5552
141.8721
165.9889
141.9284
119.3213
100.0583
110.3769
91.0862
94.7812
174.2831
184.8897
187.7237
177.4997
154.6495
143.6093
142.4414
145.3116
144.7378
145.4258
147.2523
146.7703
145.2781
144.3849
144.0443
143.4901
142.0932
140.3612
139.5628
140.2747
139.63
137.4703
134.4962
132.0915
134.4779
144.6866
170.0678
145.4963
120.6109
102.0032
112.1364
89.8653
94.3249
173.3648
183.1918
185.9242
175.4438
154.4517
142.9114
142.0898
144.5398
143.701
144.4048
146.3215
145.7836
144.2025
143.2243
142.7642
142.2848
141.3849
140.3382
139.6374
139.8473
139.894
139.5698
137.9898
133.9364
134.7957
147.2488
174.1982
148.4738
120.8601
102.346
113.862
89.0114
93.1803
171.5792
181.1434
184.7593
174.3367
154.0288
142.2872
141.6841
143.756
142.9803
143.6375
145.4533
145.0067
143.476
142.5002
142.1104
141.8684
141.2081
140.2887
139.6246
139.8316
139.894
139.5826
137.6692
134.8735
136.7095
148.7565
175.8544
149.4102
120.8358
102.4581
114.6441
88.9452
92.321
170.7344
180.1521
183.9505
173.5718
153.4283
141.6988
141.266
143.2847
142.6561
143.3518
145.0611
144.6898
143.2796
142.4212
142.1749
142.1027
141.5199
140.4953
139.6437
139.6374
139.9079
139.7379
137.4748
135.3077
137.4726
149.2453
176.0482
148.8689
120.8185
102.1337
114.6054
89.3539
92.3003
170.8095
179.8517
183.8358
173.1481
152.7733
140.8792
140.8609
143.1247
142.805
143.4544
145.0067
144.6112
143.3493
142.6835
142.5904
142.6022
141.9872
140.8296
139.7774
139.5352
139.9248
139.9645
138.1411
135.335
137.2249
149.1993
175.5111
147.4735
120.7277
102.5166
114.9077
89.8854
92.8812
171.0583
179.7884
184.3352
172.9666
152.5917
139.7678
139.8203
142.5508
142.6168
143.2464
144.6259
144.0805
142.8158
142.2971
142.4506
142.7216
142.2444
141.0516
139.8966
139.6466
140.0627
140.249
138.8707
135.3637
136.7705
148.3952
174.1635
146.4218
120.3822
103.0631
115.7178
90.2826
93.5388
171.2217
179.7179
184.8414
173.1765
153.0915
138.9126
138.3523
141.2817
141.7747
142.5855
143.7313
142.8654
141.4594
141.0531
141.517
142.1801
141.9871
140.845
139.6235
139.4189
139.9493
140.5174
138.9533
135.2012
136.1362
147.2729
172.9821
146.0227
119.837
103.3168
116.5077
90.3885
93.84
171.1679
179.7007
185.3257
174.0115
153.5102
138.7077
137.3175
140.1307
141.007
142.0458
143.0372
141.8472
140.3203
139.9604
140.5735
141.4712
141.5489
140.532
139.2376
138.9741
139.5113
140.3874
138.2273
134.4102
135.171
146.2627
172.3341
145.853
119.6648
103.2218
116.5815
90.0297
93.561
170.6904
179.7988
185.869
175.2895
153.5114
138.5953
136.9107
139.6245
140.7655
142.0808
143.214
141.9575
140.4355
140.0807
140.667
141.5686
141.762
140.8499
139.4963
139.0095
139.17
140.1277
137.5525
133.6067
134.2883
146.088
172.3701
146.1201
119.7442
103.2407
116.266
89.3562
92.9186
169.5729
178.9455
185.3751
175.5576
153.5255
138.4439
136.3959
139.0023
140.5019
142.3773
143.8641
142.884
141.5376
141.273
141.7577
142.5016
142.6954
141.9332
140.6118
139.8215
139.2628
139.8378
137.1971
133.1242
133.9333
146.1863
172.6587
146.4554
119.5033
103.2781
115.5423
89.1742
92.5525
168.3533
177.3926
184.2754
175.2314
153.5572
138.6927
135.6823
137.8317
139.7663
142.1923
144.1024
143.5513
142.4656
142.3418
142.7381
143.276
143.4923
143.036
141.8947
140.7631
139.4409
139.2475
136.6258
132.7813
133.9392
145.7071
172.5665
146.2244
118.7911
102.5468
114.3171
89.6986
92.9325
168.4682
177.0448
184.2504
175.773
153.8907
138.879
135.7344
138.0674
139.6406
141.928
144.0977
143.7211
142.9119
142.8286
143.1144
143.4726
143.7031
143.5459
142.6993
141.291
139.5431
138.6664
135.8513
132.243
133.3742
145.1274
172.3533
145.8006
117.9928
100.8022
113.3252
89.7502
93.0224
168.7569
177.9882
184.5275
175.8297
152.9268
136.3094
135.2093
139.326
140.0488
141.4072
143.6247
143.6794
142.7416
142.7908
142.867
142.9656
143.1553
143.24
142.4292
140.7584
139.1443
137.9244
134.2517
130.7327
131.5731
144.2551
171.4332
144.3777
117.9319
98.7568
112.7495
88.5396
91.9193
167.4181
175.873
182.3794
172.0669
149.5123
133.6553
132.063
136.6593
139.1109
140.271
142.173
141.8541
141.1449
140.826
140.6883
140.657
140.953
141.3372
140.5931
138.9605
136.9494
135.0785
131.1989
128.3937
128.4829
141.6645
168.1819
140.9161
117.2205
97.0427
112.9065
87.3315
90.9849
165.9573
172.1283
177.5567
165.507
144.5844
131.1096
126.864
131.2201
134.9555
138.4965
140.2392
140.3197
139.7759
139.5502
139.3808
139.2475
139.3889
139.6644
139.1451
137.0827
133.2802
130.4102
126.4646
125.0751
124.2423
138.9628
165.2165
137.1887
116.8284
97.7469
114.1389
88.751
91.2825
165.0361
173.728
181.6829
170.1055
147.1381
132.6254
128.6768
131.6207
135.8711
138.479
140.2118
140.3147
139.8911
139.6831
139.3749
139.1458
139.5837
140.0794
139.1573
136.8268
133.858
132.5522
129.2762
124.8197
122.8887
142.0134
170.9099
137.9223
117.9796
99.179
113.8029
93.1275
93.2559
169.5528
183.0157
192.2001
185.7119
159.8353
144.8712
141.2858
144.442
148.6304
151.0734
152.9889
153.2677
153.1314
152.9942
152.4068
152.101
152.8873
153.5135
151.7914
148.0063
145.8568
146.2179
143.6099
136.4244
134.1819
157.6169
184.5794
150.9902
127.17
107.2798
118.0155
95.289
91.5524
168.2414
185.9064
196.6874
193.783
170.5321
155.7339
152.4949
157.0713
159.5006
160.7424
161.9746
162.2976
162.2825
161.9693
161.2916
161.2246
161.9531
162.1028
160.3647
157.8525
156.5874
155.5448
154.0428
149.2358
150.7659
170.9167
189.9405
161.8665
130.8059
118.229
127.1571
89.857
80.7945
151.4371
174.0182
186.0533
184.324
166.977
153.76
151.4799
155.9918
157.5048
158.5967
160.5225
160.7971
160.7113
160.5723
160.1388
160.1323
160.7688
160.6426
159.0416
157.5144
156.7695
154.8525
152.2568
150.1033
155.5414
170.7774
187.336
161.6205
123.6521
119.3861
131.7506
69.6808
62.8209
117.4081
145.8524
157.0555
157.1333
145.5566
136.493
133.8123
137.5323
138.5976
139.3805
140.968
141.4302
141.5983
141.6674
141.2942
141.1633
141.6406
141.7687
140.4849
138.5371
137.7511
138.1516
137.4973
134.5027
136.6356
149.7602
167.8167
153.4593
106.5396
107.1705
121.7117
89.9552
58.0579
96.9023
98.522
107.6464
104.4684
99.085
95.4599
92.8319
95.7368
95.9654
95.8851
96.8919
96.8313
96.8588
97.1569
96.8904
96.6273
96.8262
97.1507
96.7481
95.4662
94.3463
94.8961
95.8422
93.0971
91.536
103.4536
116.3818
110.9244
95.2011
92.8014
113.5443
109.6206
88.6968
99.1061
87.5094
100.5947
103.1237
98.4717
93.6925
93.9317
96.1169
94.1151
94.9722
96.6038
96.6167
97.3892
97.9371
97.2496
96.5772
97.0413
97.7282
96.6866
94.3878
94.2548
97.3352
99.2095
94.8318
92.529
106.9231
117.9515
106.7255
110.4897
101.4959
138.4755
