0
0
0
0
0
0
0
0
0
0
0
0
0
0
0
0
0
0
0
0
0
0
0
0
0
0
0
0
0
0
0
0
0
0
0
0
0
0
0
0
0
0
0
0
0
0
0
0
0
0
0
0
0
0
0
0
0
0
0
0
0
0
0
0
0
0
0
0
0
0
0
0
0
0
0
0
0
0
0
0
0
0
0
0
0
0
0
0
0
0
0
0
0
0
0
0
0
0
0
0
0
2.779
0
0
0
0
0
0
0
0
0
27.7447
42.0985
0
0
0
0
30.3285
89.3045
0
0
0
0
0
0
0
44.4326
0
0
0
74.8638
0
0
0
0
3.6244
0
0
0
0
0
0
0
0
0
0
0
0
0
0
0
0
0
0
0
0
0
0
0
0
0
0
0
37.7093
51.1522
0
0
0
0
0
0
0
0
0
0
24.5076
30.6481
0
0
0
0
0
0
0
0
0
0
224.35
0
0
76.4739
0
0
0
0
0
7.1224
0
0
0
0
0
0
0
0
0
0
0
0
0
0
0
170.6819
0
0
0
0
0
0
0
0
0
176.1781
0
0
124.3974
0
0
0
0
114.022
0
0
0
0
226.6277
0
0
0
0
0
0
0
0
69.6356
0
0
95.5576
0
0
0
0
0
0
0
0
75.1203
0
0
0
61.0859
0
104.7151
0
0
0
0
0
0
0
97.6741
32.9575
0
0
0
0
0
0
76.7018
0
0
0
0
6.0616
32.9227
0
0
0
0
0
0
114.493
28.9
0
65.8359
19.2439
9.3146
0
0
0
0
0
0
0
0
29.7995
0
0
57.2686
0
41.9275
0
0
0
0
0
0
0
0
0
0
23.7742
158.2953
0
0
0
0
0
86.5259
176.699
0
0
0
0
0
70.326
0
0
0
0
4.8531
10.4903
0
0
0
74.8926
0
0
0
0
0
0
0
0
0
0
42.5382
0
0
0
0
0
0
0
0
0
0
3.9402
0
11.9377
0
94.3845
0
0
0
0
0
0
114.5016
107.7092
0
0
0
0
0
0
0
0
0
0
236.5595
1.0681
0
0
31.0454
0
0
0
0
0
0
0
0
0
70.4217
36.8005
89.1373
0
0
0
0
0
0
0
0
0
0
0
0
0
0
0
0
0
0
0
0
0
0
0
0
0
0
0
0
0
0
0
0
0
0
0
0
0
0
0
63.4022
0
0
0
0
0
92.8445
0
0
0
0
0
0
0
0
0
0
0
0
0
0
0
74.1263
82.8086
0
0
0
0
34.1785
75.5015
0
0
4.68
0
0
0
0
48.3107
56.4407
0
0
0
0
48.8914
29.4251
0
0
0
52.4697
0
0
0
0
2.1883
96.4249
0
0
0
0
0
0
0
0
0
0
0
65.1873
0
0
57.7764
0
0
0
0
0
0
0
0
0
0
0
102.9375
0
0
0
0
39.7723
11.9163
0
0
0
0
45.7383
37.7126
0
0
0
80.6909
89.7796
0
0
75.4804
0
0
0
0
0
0
0
0
0
0
52.8091
0
0
0
0
0
56.7853
0
0
0
0
0
77.7627
0
0
0
0
10.8392
0
0
0
0
0
6.4064
54.9162
3.4285
9.4834
0
30.9614
0
0
46.8119
2.505
0
0
20.0113
0
0
0
0
0
0
91.1332
0
0
0
77.5516
0
0
0
5.4218
0
0
0
0
7.7688
39.7325
0
1.6405
0
0
0
0
0
0
0
189.9411
71.5619
194.2045
0
0
0
0
0
0
0
0
59.9511
0
0
0
0
0
0
0
16.0918
0
16.4857
0
0
0
8.8924
4.9666
5.0701
0
0
0
20.7253
0
0
0
0
0
0
0
0
0
0
0
0
0
0
0
0
0
0
0
0
0
0
0
0
0
77.504
111.1812
102.0818
0
0
62.6641
13.7719
0
86.5774
52.06
0
240.4755
0
0
0
12.98
0
0
0
0
0
0
57.1072
49.0198
134.257
0
0
21.0088
0
0
0
0
0
0
0
0
0
0
0
81.5603
0
0
0
137.758
32.9685
0
0
0
0
0
0
0
0
0
0
17.3873
116.0733
63.9561
0
108.3066
0
0
0
0
0
0
0
49.3237
196.0226
0
0
0
0
0
0
87.181
0
101.6881
2.5413
0
0
0
0
0
0
0
0
0
0
0
0
0
24.1692
86.4506
64.2685
11.5912
0
0
0
0
0
0
35.7394
0
0
0
0
0
0
0
0
0
0
0
0
0
0
0
0
24.264
0
0
0
0
0
11.134
0
0
301.4352
0
0
0
0
0
0
0
0
36.3016
26.2687
0
0
0
3.3095
85.5739
0
0
87.621
21.6725
0
0
0
0
0
0
0
0
0
0
0
12.4565
0
0
12.0129
0
0
0
0
83.5697
28.0129
0
0
79.726
14.0782
0
0
92.7605
46.4223
0
0
0
0
0
0
0
0
0
0
23.2911
0
101.1546
59.0008
0
0
0
86.07
0
0
92.9224
0.51159
0
0
0
2.9126
0
2.537
67.1894
0
0
0
0
0
0
0
0
0
0
0
0
0
0
0
47.6918
0
0
23.2587
0
0
0.79858
68.1593
0
0
0
8.9307
0
0
0
88.1365
0
0
0
0
0
63.1401
0
0
0
0
0
0
0
0
0
0
0
15.4776
0
0
0
0
0
0
23.9595
65.9337
45.1481
0
0
0
95.6676
0
0
0
72.1547
4.9646
73.3719
64.6853
81.6906
0
0
0
0
0
0
0
52.1366
23.8685
0
0
0
37.1616
0
0
0
0
0
0
20.0169
0
0
10.6437
0
0
0
0
0
0
0
0
89.6329
0
0
0
0
0
0
0
0
0
32.4976
7.114
141.6603
187.5244
5.4369
0
0
186.0828
41.361
39.8781
41.2221
164.9162
30.4002
0
80.2734
85.769
0
0
70.2504
210.5589
81.3356
0
137.9553
116.7694
111.2631
0
0
0
0
0
0
42.7442
0
0
19.4568
34.0144
20.889
120.4653
187.4866
205.5759
89.0866
124.9029
21.2261
54.3872
69.9882
135.9694
0
53.5176
4.046
110.6153
32.311
33.7391
146.2883
46.1227
57.6105
72.3636
0
100.8263
0
0
0
52.6757
0
81.5956
0
99.2392
116.5009
0
120.3901
43.48
0.21794
63.0461
179.9999
185.8041
0
120.0587
158.6654
10.6641
13.9502
20.9143
5.583
123.9448
96.6736
0
0
117.8269
0
66.7997
126.0288
92.1388
66.1052
};
