-0.082978
0.033165
0.16379
0.11714
0.06103
-0.48142
0.11678
0.046347
0.36448
-0.42037
-0.35545
0.041559
-0.11898
0.24694
-0.35321
0.43186
-0.048267
0.019082
-0.28589
0.24893
0.027904
-0.26068
0.3429
0.005742
-0.16972
-0.12808
-0.34828
-0.066117
-0.022987
-0.097343
0.31251
0.3477
0.10493
0.22032
0.19188
0.014889
-0.17336
-0.48135
-0.42998
0.44902
0.2986
-0.17732
0.48282
0.25153
0.47474
0.24986
-0.047595
-0.2357
0.43687
-0.12457
0.30999
-0.30105
0.13822
0.24008
-0.37923
-0.43219
-0.31045
0.19737
-0.14469
0.13913
-0.11753
-0.051121
-0.17897
-0.2162
-0.045941
0.23237
-0.49989
-0.18448
0.44459
0.027058
0.30063
-0.013655
0.45018
-0.21428
0.17079
-0.31839
-0.27795
0.1366
0.011141
-0.049913
0.31909
0.34433
0.47535
-0.4874
-0.35748
0.097127
-0.35007
-0.27972
0.073272
0.46499
-0.23135
-0.44235
0.065662
-0.030211
0.386
0.057912
0.027847
-0.4846
-0.24656
-0.19767
0.1865
0.086555
0.38594
-0.26703
0.10633
0.056653
-0.0097465
-0.049126
0.31186
0.019352
0.49391
0.040952
-0.021927
-0.18941
0.42021
-0.33202
0.17247
-0.12292
-0.20452
0.051087
-0.1979
0.44276
-0.20578
0.30828
0.13165
-0.031334
0.47948
0.027619
0.49346
-0.16058
0.37307
0.10049
-0.35324
0.33463
0.4034
-0.14273
0.30711
0.068851
0.41561
0.09911
-0.1179
0.37496
0.2853
0.046071
0.45943
-0.025996
0.48242
-0.2721
0.47279
0.18681
-0.47337
0.23161
-0.28338
0.38303
0.01786
-0.39654
-0.20471
0.20732
-0.071963
-0.13562
-0.090909
0.33449
0.054667
0.1562
0.31462
-0.40766
-0.48171
-0.36253
0.40854
-0.11214
-0.18264
0.14157
-0.48447
-0.089189
0.18841
-0.47767
0.026426
0.30396
0.30316
-0.23336
-0.41252
0.26747
-0.050753
-0.38908
0.44531
0.2592
0.043166
-0.30553
-0.35568
0.044121
0.11359
0.09927
0.27441
-0.23111
0.19962
0.4744
0.323
-0.44589
-0.31374
0.25014
-0.36072
0.12336
0.36354
0.48862
-0.10999
0.093481
-0.09852
0.069494
-0.17564
-0.36457
-0.46768
-0.097607
0.033653
-0.27269
0.32424
0.41479
0.17456
-0.074439
0.22292
-0.21329
0.34794
-0.48591
-0.012079
0.14831
0.34997
0.052768
-0.42799
0.41826
-0.1883
0.45178
-0.36949
-0.15444
0.48886
0.30739
-0.48418
0.24712
0.079745
-0.014009
-0.066324
-0.18262
-0.33903
0.37292
-0.14429
0.20939
0.40469
-0.18553
-0.18562
0.13262
0.14436
0.29978
0.28218
-0.32345
-0.36165
-0.24836
0.21595
0.35536
-0.33006
0.25112
0.38913
-0.081864
-0.46027
0.1688
-0.44909
0.34245
-0.10323
0.24817
-0.10232
0.42944
0.05624
-0.11986
0.10431
0.30736
0.12192
-0.03312
0.34471
-0.47378
-0.034999
-0.46294
0.41077
-0.32523
0.16873
-0.49476
-0.41947
-0.44386
0.36197
-0.20986
0.20073
0.064498
0.38839
-0.35055
0.079361
-0.14505
-0.47425
-0.42967
-0.17403
-0.26493
0.11835
0.038817
-0.21956
-0.33465
0.1909
-0.36354
0.050948
0.049548
-0.18476
-0.069753
-0.15483
0.038441
-0.3396
0.44755
0.27387
-0.13344
0.10709
-0.023118
-0.015572
-0.2683
0.33527
-0.48022
0.11387
0.040261
0.29458
-0.31562
0.014175
0.4247
-0.25448
-0.20885
-0.025994
0.27448
-0.43666
0.031288
-0.080805
0.28928
0.42751
0.49732
-0.44008
0.24533
0.42618
0.39289
0.4738
-0.27496
0.36661
0.24564
-0.27857
-0.37436
-0.066408
-0.086414
-0.48686
0.35932
-0.29237
-0.30775
0.36024
-0.17586
0.44884
0.0070799
0.085348
0.37533
-0.43526
0.41102
0.0035095
-0.15083
-0.17419
-0.078342
-0.25171
0.18522
-0.39677
-0.15223
-0.32766
-0.37866
0.16923
0.41873
0.077857
0.1778
0.092512
0.44981
-0.4696
-0.23293
0.11851
0.012293
0.31635
-0.14699
0.3304
0.41733
-0.1049
0.058904
-0.04264
0.12434
0.29182
0.39821
-0.31605
0.49135
-0.45647
0.46593
0.43725
0.38983
0.36383
-0.20492
-0.29555
-0.052106
0.25081
-0.36286
-0.45545
-0.23508
-0.10512
-0.31599
-0.30143
-0.18773
0.32641
-0.13346
-0.41853
-0.48964
0.43889
-0.31487
-0.0079282
0.14915
0.21131
-0.19992
-0.09678
-0.055883
0.33798
0.19576
-0.053883
-0.037161
-0.44701
0.45075
-0.39062
-0.010435
0.25171
-0.41838
0.37269
0.37812
0.4086
0.226
0.4326
-0.39251
-0.43367
0.46326
0.28793
-0.073299
0.41631
0.35412
0.36235
-0.071381
0.038627
-0.46905
0.20188
0.23009
0.1737
0.053885
-0.4199
0.25875
0.32814
-0.49207
0.27785
0.42187
-0.071068
-0.3005
0.056407
0.17304
0.039649
0.26263
-0.026888
-0.078334
-0.47261
-0.20639
0.38331
0.19682
-0.27429
-0.12992
-0.32604
0.11203
-0.15665
0.40964
-0.40126
0.19268
-0.39098
-0.49698
0.21688
-0.25964
-0.031372
0.0785
-0.19548
0.40463
0.21693
-0.073652
0.48934
-0.093517
-0.22101
-0.0027108
-0.077247
-0.12364
-6.7629e-05
0.39526
-0.030521
-0.37446
-0.43557
0.17047
-0.21222
0.12367
-0.434
0.21299
0.12972
-0.37367
-0.44609
0.29764
-0.24288
0.1513
0.19094
0.13379
0.45119
0.39102
0.074219
-0.042595
-0.22588
0.33485
-0.12985
0.48733
-0.1543
-0.42229
0.14777
0.10883
-0.33849
-0.39249
0.49505
0.2771
-0.053365
-0.28924
0.27289
0.39699
-0.082695
-0.36997
0.25094
0.25546
0.059717
-0.28983
-0.36492
-0.079806
0.38
-0.38911
0.20352
-0.31136
0.30296
0.4054
-0.47271
-0.15101
-0.36234
0.06053
-0.064694
0.030697
-0.22191
0.17497
-0.17787
-0.32021
0.18245
-0.15756
0.12367
-0.44164
-0.35639
0.37703
-0.45852
0.34142
-0.29662
0.05869
-0.48063
-0.1511
0.25388
-0.48744
0.25276
0.0056622
0.17907
0.40384
-0.30704
0.11024
-0.058096
0.1968
0.29597
0.022051
-0.44304
-0.48911
0.17173
0.42346
-0.0058837
-0.49621
-0.27852
0.44615
-0.17818
-0.27179
-0.23812
-0.45201
0.016706
-0.4168
-0.24642
-0.17817
-0.45671
0.32623
-0.35961
0.17884
-0.23007
0.42302
-0.42803
-0.43346
-0.47848
0.4186
0.16272
-0.00041583
0.29962
0.081577
0.26621
0.41527
-0.17401
-0.27119
0.25828
-0.14757
0.20605
-0.36784
0.4339
-0.032754
-0.49106
-0.3274
-0.48623
0.34453
-0.21538
-0.4689
-0.10078
-0.22619
-0.46289
-0.013559
0.38177
-0.3019
-0.28837
0.39589
0.21152
0.46728
-0.23968
0.44797
-0.4996
-0.22979
0.22859
-0.46543
0.48975
-0.15755
-0.35444
0.35949
0.1641
-0.18005
0.35583
-0.021969
-0.29355
0.3579
-0.18523
0.32273
-0.091363
-0.083276
0.30033
-0.43896
0.071176
0.29696
-0.17164
0.19386
-0.26059
-0.013249
0.30074
-0.23445
-0.071909
-0.37573
0.0681
0.30475
0.32712
0.47676
-0.24763
-0.29181
0.27024
-0.29609
0.34585
-0.34227
0.058517
-0.0027499
0.48438
-0.30496
-0.37379
-0.42381
0.22885
0.12686
0.36121
-0.25858
0.43848
-0.073361
0.20352
-0.31953
-0.30832
0.047564
0.17035
0.45247
0.098465
0.46826
-0.0084268
0.46484
-0.48012
-0.29671
-0.30657
-0.48498
-0.12342
0.3549
-0.25197
0.23173
-0.25227
-0.071231
-0.31237
0.19023
0.019016
-0.27977
0.24732
0.47604
0.0079217
0.016689
0.37736
-0.060169
-0.093078
-0.15697
0.10702
0.16846
0.13096
0.26778
-0.27987
-0.069528
0.44389
0.027267
-0.18658
-0.44664
0.16344
-0.47379
-0.24767
0.13946
-0.3238
0.47378
0.027715
0.35167
-0.2403
-0.23783
0.32401
0.1225
-0.047147
-0.32528
-0.16129
-0.2104
-0.34017
-0.23845
0.20696
-0.052311
-0.24425
0.47522
0.27974
-0.35453
-0.12142
0.48092
-0.2097
0.17143
0.26779
0.11393
0.12482
0.19232
0.074118
0.1217
-0.47169
0.24383
0.02467
-0.16794
0.10472
0.30216
-0.084151
-0.24293
0.25017
0.1265
0.40581
0.12831
0.070716
0.023896
0.2738
-0.2974
-0.14294
0.28053
0.28446
0.30269
-0.17968
-0.32526
0.0096133
-0.31181
0.3749
-0.28311
-0.35721
0.036008
0.47349
0.35504
0.37639
-0.35327
-0.38525
-0.25379
-0.30457
0.42481
-0.369
0.32885
0.072489
0.11669
0.1323
-0.043025
-0.35658
0.48996
-0.2099
0.49675
0.25489
-0.072263
-0.068818
-0.39193
-0.12512
-0.043034
-0.022138
0.48249
-0.15805
-0.20305
0.247
-0.048164
-0.48328
-0.4059
-0.46014
-0.15514
-0.21786
0.39461
0.089306
0.44949
0.36003
0.081359
-0.2367
0.30949
0.074712
0.23314
-0.26633
-0.1547
-0.44307
-0.42161
0.21112
-0.49065
0.31684
-0.036142
0.3077
-0.095798
0.28755
0.27032
0.15623
-0.36566
0.13631
-0.3554
0.35965
-0.15962
0.20846
-0.10134
0.37019
-0.36521
0.39785
0.38376
-0.41496
0.19976
-0.050088
0.038831
0.47002
-0.43404
-0.15526
0.12808
0.019012
-0.39803
0.29659
0.0085162
-0.48167
0.2318
0.076756
0.094373
-0.37518
-0.14647
-0.35325
-0.39342
0.25062
-0.36816
0.42785
-0.12491
0.21677
0.1716
0.2953
0.27747
-0.11892
-0.26313
-0.30658
-0.065405
0.06769
-0.46095
-0.39767
0.07839
0.052822
0.34683
0.23507
0.44011
-0.21442
0.27088
0.015857
-0.053854
-0.28804
-0.43328
0.40929
-0.18856
0.47599
-0.1875
-0.28631
0.22932
0.48571
0.11321
-0.067018
0.39597
0.35748
0.19931
0.13347
-0.012099
-0.0051569
0.15934
-0.114
-0.16434
-0.26419
-0.3849
-0.33017
-0.085944
-0.091863
0.34203
-0.26015
0.27218
0.082014
0.086833
0.068858
-0.022859
0.28275
0.2986
-0.041416
-0.099126
0.017268
0.40156
0.0045192
0.26728
-0.31125
-0.32284
-0.098134
0.40931
-0.0084548
0.11959
0.1885
-0.37525
0.025669
0.028533
-0.42908
0.071542
-0.44769
0.44083
-0.273
0.37814
0.1944
-0.26297
-0.37583
-0.0062303
0.40782
0.37883
0.25002
-0.03429
-0.34733
0.49047
-0.20267
-0.38666
-0.25015
0.41641
0.095608
0.17385
-0.19136
0.1439
0.072405
0.19731
0.10548
0.3567
-0.24797
-0.2466
-0.029412
-0.47151
-0.34922
-0.3474
0.025802
0.10512
0.18422
0.095982
-0.40165
-0.085821
0.40338
-0.22082
0.11996
0.43197
0.34473
0.35831
-0.15731
0.12181
-0.19975
-0.47239
-0.47222
-0.32657
-0.073525
-0.46757
0.27015
0.23325
0.25431
-0.45515
-0.49689
0.26677
-0.081422
0.29286
0.19236
0.48657
0.14423
-0.1306
-0.48342
-0.42398
0.012061
-0.43509
-0.26055
-0.078892
-0.45005
0.073679
0.085759
0.32898
-0.48605
0.40539
0.25508
-0.43179
0.04401
-0.35699
0.093432
0.25486
-0.38054
-0.2526
-0.40642
-0.36966
0.24447
-0.28927
0.28712
0.2749
0.0047006
0.18346
-0.067061
-0.2727
0.4483
-0.14934
-0.35778
-0.3862
0.37413
0.11746
0.37042
-0.36858
0.45789
0.035896
-0.49713
0.4696
-0.34321
-0.26564
-0.04012
0.19806
-0.12208
0.15414
0.40131
0.34384
-0.10515
0.31261
-0.12871
-0.43463
-0.47708
-0.2786
0.10095
-0.31039
0.39642
-0.0019444
-0.10201
-0.14249
-0.075351
0.14509
-0.27079
0.22689
0.15179
0.45114
-0.067644
0.20138
-0.33815
};
