0.496156111296869 0.282872072979123 -0.230945268226635 -0.400904717577542 -0.289854362956448 -0.0143483301019823 0.230585361505707 0.11947155517778 -0.468077370496022 -0.0486594196442568 0.306759544661106
-0.145465695043078 0.193787614986897 0.173031165004119 -0.0102361980765531 0.0101525197652502 0.394447755567393 0.146477432425814 -0.139363428997797 -0.143131013817458 -0.259095002879889 0.00378078577615593
0.471258815183406 -0.490197747736938 -0.0225078022731388 -0.30675466953113 0.406364323265215 -0.362453405232935 0.333151985669295 0.256509543501944 0.162653834287214 0.215045013296177 -0.0104056612766458
-0.15355123869964 0.34321333801051 0.123716412667442 0.395891573792568 0.128923938652318 -0.109995085554715 -0.101717771781225 -0.0860992513098103 -0.218498440851509 0.356182292006288 0.377048723385044
0.386543861760306 0.422331997796276 -0.26355506735909 -0.400910350318185 -0.398466111187688 0.427356224998125 0.249822209360636 -0.00765489561506227 -0.269616932682536 -0.218492304881447 -0.146858187061044
-0.0453051350080922 0.270954220673924 -0.322876245501683 -0.455834428237339 -0.109145247273645 0.417493832416117 0.335220510478131 0.19474323313261 0.211128551180325 0.231050829723741 -0.0505564434282517
-0.0865727109791847 -0.457340144064951 0.329643385697585 0.0572951558047619 -0.445383384776342 0.213574011594316 -0.177539602637741 0.472733885079784 0.124572916993309 -0.362237107480484 0.463530286843427
-0.2822679316427 -0.121813862949781 0.266921667935265 0.272495067187624 0.00128291320321527 0.11833738362194 0.052261616858355 -0.172245039506593 0.0906086529196359 0.336722781749717 -0.457702202085457
-0.374345412637374 0.204339624483368 0.43447827311827 -0.188059942503731 -0.0682788281157528 -0.156712109758655 0.479129132433892 0.337803183078576 0.160437966312602 -0.36139828425764 0.472958334140635
-0.191085406433185 0.229513045504647 -0.392111094915636 -0.321017520685665 0.497560349512189 0.43602732668977 0.0493085330183027 0.239072227273528 -0.452445326886134 0.0882093853894936 -0.310793156877624
0.226104431664832 -0.275722929335486 -0.317772494398944 -0.161044321752282 0.311602580995323 -0.375225959339507 -0.169576390393397 0.454174456379543 -0.151215191489941 -0.133843199545062 0.167120300040075
