0.19533622499232 -0 0.313810972279684 0.586824561500133 -0 0.24508291085541 -0 0.171438644986611 -0 0.890868929827369 -0 -0 1.0170534032893 0.631314545737222 -0 0.644031082819469 -0 1.25723197339799 -0 -0 -0 0.211191576452427 0.671362398150951 -0 0.049217331650304 -0 -0 0.343236442888197 0.765826283416456 0.399088929384947 0.0807559500891597 -0 0.392314473062591
-0 0.315060677882577 -0 -0 0.906007710586754 0.0238485838449509 0.415310360616838 -0 -0 -0 0.42921033005754 -0 -0 0.427972287065726 0.39363031070257 -0 0.201339624396626 1.1926398367741 0.24635779125022 0.546441014393036 -0 -0 0.176899050857576 0.857990061168768 -0 -0 -0 -0 1.50229046330436 0.686275864568279 0.115777599815648 0.219265975866897 0.224820515043061
0.104685345384411 -0 -0 1.09233567579785 0.0957388050649987 1.19279255658071 -0 -0 -0 -0 -0 -0 0.871429641253245 0.977461912866211 -0 0.0495475488006466 -0 0.258848902902259 -0 0.169371727510499 -0 -0 1.0444946381429 0.588666638183019 -0 0.150257809849657 -0 -0 0.151803796493884 1.04167216020316 0.623044191167423 -0 -0
-0 1.35858735954968 -0 -0 -0 0.336014674973054 -0 0.294196263713263 -0 0.17882562250886 0.0281999929347161 0.631381011492284 -0 -0 0.698516456361273 -0 0.698381949493694 -0 0.131923302500571 1.84784405089276 0.178528919821182 -0 -0 -0 0.959061359979095 1.59505350547424 -0 -0 0.31103361483253 -0 -0 -0 0.0880473156788073
-0 0.532208124837614 -0 -0 0.790757568281375 -0 -0 -0 -0 0.0184261051695501 0.484764753210442 0.0297037200249679 0.116962138738762 -0 0.903253058648019 -0 -0 0.702240155759864 0.383777426942444 0.3156839745465 0.308573248782855 -0 0.333583010962146 -0 -0 0.308610932256336 -0 -0 0.947529579956531 -0 -0 -0 -0
-0 0.575522811163555 1.20531626739792 -0 1.07089830219716 -0 -0 -0 0.0752436109390892 -0 0.393189119567213 -0 -0 0.20090097089346 0.721609810175687 0.147674337826163 0.372864487988687 0.236111828382681 0.945360461376592 -0 -0 0.569991410079705 0.4238740350876 0.52384041127703 -0 -0 -0 1.69787095033589 -0 -0 -0 0.782281918366137 -0
-0 0.00783374071959662 -0 0.0149907044772084 0.4603018361144 -0 0.660565510085771 -0 0.106716131801973 0.136385158587014 -0 0.303230657774621 0.00517770594330764 -0 -0 0.463160033452976 0.69782613848224 1.13718278351717 0.160575724790322 -0 0.541870508351786 -0 -0 0.608486119131527 0.733328195375619 -0 -0 -0 0.732339109007778 1.3916065350913 0.75423991691281 -0 -0
0.548584192693933 0.21009047306079 -0 0.0896878471167096 -0 0.247420477954892 -0 -0 -0 1.0578263336593 1.27298656406724 0.799243340328039 -0 -0 -0 0.346254119547751 0.336128472332953 -0 0.638364959288897 0.973640633132158 0.807233444174096 1.22203620509445 -0 0.366770014343927 0.113863769337722 -0 0.0266954004288209 -0 0.104410506081319 1.89702451745196 -0 -0 0.0370375503968398
0.782183167314722 -0 -0 0.0153296665666841 0.369100011384389 -0 2.68023864036561 -0 -0 -0 -0 -0 0.627758497252554 0.698660143163218 0.234509146497895 -0 0.669147413905968 -0 0.0832952448514446 0.219977649419498 0.0509907424644339 -0 1.67421926435003 -0 0.215060082632626 0.638294041633379 1.53531115025565 -0 -0 0.586862108497091 -0 -0 -0
-0 1.25459446530355 -0 -0 -0 -0 -0 1.03771762936774 0.971353318847149 0.0807696711831789 -0 0.624499046060124 0.383969617044383 -0 -0 -0 0.218615470203603 1.6557132727951 0.925417409928485 -0 -0 -0 -0 -0 -0 0.4598102953309 0.921641554645851 1.31177287911915 0.54580808423443 -0 0.0516067923887668 0.624574447060144 -0
0.0920606884248571 -0 0.740824217779976 0.0363194473271675 0.474339636772664 -0 1.02619683679241 0.964061668247171 1.61029217513053 -0 -0 -0 -0 1.4393986394746 -0 -0 0.942756885443287 0.670198718983469 0.257524968860181 -0 -0 0.830043066987368 0.451068092517216 0.33917976551175 -0 -0 -0 -0 -0 -0 2.00251662583847 1.72607436511481 -0
-0 0.0160763728435726 -0 0.888016738046428 -0 -0 -0 0.911768325360087 0.769173760332289 -0 0.0712515328383046 0.871643690100224 -0 -0 -0 0.936218782627308 1.16050085433865 0.0282137290096951 -0 -0 -0 0.854765132863393 0.601919859692471 -0 0.233474991577617 0.832705346621396 -0 -0 1.24681308908842 -0 0.126955951180718 -0 -0
0.5706289765399 -0 -0 -0 0.770086874406452 1.34255751903306 -0 -0 -0 -0 0.344313556677229 -0 -0 2.13284247616128 -0 1.27979074788404 0.574247236160153 -0 -0 0.818259143365304 -0 -0 -0 0.0320792570948765 0.827283233467871 -0 0.792246873835795 1.19472470718346 0.953204900962864 0.413925287391464 0.768079902395742 -0 0.277554381323064
0.346379245892137 0.827273952540394 -0 -0 0.533976317487731 -0 0.719740913218098 -0 0.930154594463901 0.799718488986575 0.410145153821389 0.205654747656008 -0 0.40222021085882 -0 -0 -0 2.57584951144535 0.399777276780544 0.00321782407966641 -0 -0 1.73089588585243 -0 -0 -0 -0 0.967210065147775 -0 0.630184676821027 0.783939093387467 -0 1.01611897416451
-0 0.0359589932376495 -0 0.676749369893505 0.29866435781719 -0 -0 1.02085010447214 0.283136948362047 0.166884100414904 -0 -0 1.5378035109711 0.807876572638672 -0 -0 0.645066644177955 -0 0.251659072136831 -0 -0 1.69681462008589 -0 0.33271997027565 0.799088338780236 -0 0.686473799222567 -0 -0 -0 0.297776693739674 0.603327825500264 0.229962091297095
-0 1.77925738057201 -0 -0 -0 -0 0.648870880682212 -0 -0 0.68929178890925 -0 -0 -0 1.57724748190232 0.160083176521821 0.534437435988046 0.0632482456689157 -0 -0 -0 -0 -0 0.112170704171303 0.183021669030999 -0 -0 0.898902958961808 2.06075897071728 -0 -0 -0 -0 -0
1.17025456100102 -0 0.524996711711888 1.19057894113861 -0 0.782167179016825 -0 -0 1.55334383383517 0.667687580865317 -0 -0 -0 -0 -0 0.138284644048844 0.434071102292974 -0 1.2889240355166 -0 -0 -0 -0 1.41756913537772 0.666177692501619 -0 0.109478419411787 -0 -0 0.463667662421016 -0 0.176480464746461 -0
-0 0.0759341438682765 -0 -0 -0 -0 1.04657266603564 -0 -0 0.689687198554714 0.4238382376574 0.131737159073786 1.82606277529728 1.80426587411266 0.560137045938474 0.622597283308072 -0 0.64681330380714 0.598600753453527 -0 -0 -0 1.41183619562799 1.17440783325863 -0 0.521170884213089 -0 -0 -0 -0 -0 0.206848384999807 2.0160708157193
0.579810539084413 -0 -0 0.126219842201612 -0 0.424251010477674 -0 0.52798788182143 0.478174767748818 -0 0.0570391796875861 -0 0.269252551645401 -0 0.525207492354337 -0 0.664509438626524 0.618651894291571 -0 -0 -0 0.492682943902447 -0 1.75736143373141 0.00200483352437233 -0 -0 0.523853565789517 1.40750389091473 -0 -0 1.11774689773737 1.10674412699817
0.0424955532457541 0.667100535682779 0.360956929024268 -0 0.228845689528268 -0 1.368111854869 1.11444063270895 0.370906572919973 -0 -0 0.413882131090711 1.0927953997839 -0 0.845316678013987 -0 -0 -0 0.25373659635173 0.616395234776906 0.387218012494589 0.324523856807806 0.0934145544978302 -0 -0 -0 -0 1.2102957035646 0.755031637471493 -0 0.206381949504536 0.0529415133774865 -0
-0 0.414944776658508 -0 -0 1.09052312420025 1.13784805257436 0.214366459468906 0.144956738988645 0.0870465927858469 -0 0.21470742777613 -0 -0 0.952449230277083 -0 -0 0.573210256020315 -0 -0 1.11853035382927 -0 -0 0.6562691938432 -0 0.695168500732246 -0 -0 -0 1.12142669706155 0.469166883972183 -0 0.814550660642192 -0
-0 0.994874122261057 0.466320865606238 0.442263694422833 -0 -0 -0 0.191605841967276 1.52373984196263 -0 -0 1.16368429555757 -0 0.309979158222022 1.02710744948892 -0 0.0846926384835381 -0 0.111950020343138 0.500412676440879 0.23283963804836 0.720102232814685 0.192668352431557 0.960468258318082 -0 -0 -0 0.774840494116814 0.247954356684925 -0 0.129755615567433 -0 0.0341778748664351
0.0841510650041182 -0 -0 1.77718477058232 1.69320820509881 -0 0.504923842440908 0.5180523589106 0.608617354049273 -0 0.187288376044475 -0 -0 -0 -0 0.328421894161408 1.15342478264881 0.212094727526416 1.37416860558279 -0 0.00407685935731108 0.0422512468358928 0.609462299548799 0.453301465137229 1.7058318650295 -0 -0 -0 0.467930271457181 -0 0.863713762866536 0.450798965608149 0.211216401511019
0.909063358275227 0.82453135271534 -0 -0 -0 0.860887183763513 1.11293860078425 0.575339946606751 -0 0.257011392348177 -0 -0 0.554828184963791 -0 -0 0.80511335628766 0.852910867299259 -0 0.279649654999626 0.889987579220082 1.12842568811981 -0 -0 0.892951558754374 -0 -0 -0 -0 0.112231416432683 0.316454037731284 0.0998227756790046 -0 -0
0.928602923558024 -0 -0 0.416445760935616 -0 1.4887109600498 1.45092023860197 -0 -0 0.31148812689695 -0 -0 0.943150730577786 -0 -0 0.472827093114732 0.652866934935281 -0 0.620182400021619 -0 0.415997484876674 0.335953925460977 -0 -0 -0 1.1135962184031 -0 0.401937984449682 1.13335192820912 0.657717135981713 -0 -0 -0
-0 0.470294035925689 0.897605808708377 1.05637052423162 0.134573274815634 -0 -0 0.00712716210190045 1.74838529236317 0.248424593477153 -0 -0 0.325582859036698 0.883941500326047 0.722308115307325 -0 1.43029289324912 1.36215994962701 -0 -0 0.866809913163051 -0 -0 -0 -0 -0 -0 0.451299893266495 -0 -0 0.321513392072455 1.08826317816026 0.886507938343166
0.0304986005043563 -0 -0 1.2272417206852 0.566165829561574 -0 -0 -0 -0 1.06327223887555 -0 -0 0.184209289056342 1.21597595837571 -0 0.43543412148136 0.371316483741832 0.709489927552214 -0 -0 0.0237918718806675 -0 -0 0.829926820288829 0.447434663543737 -0 1.35621294348001 -0 1.28338873158601 0.43604688864443 0.321765027178876 -0 -0
-0 -0 0.698821583108256 -0 -0 1.86441504907028 0.575442253657324 -0 -0 -0 -0 1.16887800484588 -0 1.18972628522358 -0 -0 -0 -0 0.0959166749353328 0.504529669512173 -0 -0 -0 0.0251101156012866 -0 0.0127741431769789 -0 1.32693575029846 -0 1.44168010061008 0.705549036252811 0.0224494910270905 -0
0.443449800986048 0.815206403826139 -0 -0 0.722269373757356 0.384134318880835 1.98675992901351 -0 -0 0.0968595135105475 1.20345068869483 0.573498135460812 -0 -0 0.240873191034326 -0 0.3136862700497 -0 0.23885966355419 -0 -0 -0 0.848812964823071 -0 0.389372140417998 0.0747950877207548 -0 -0 2.11343166736849 0.20387431785326 -0 -0 -0
-0 -0 0.169222242787927 -0 -0 -0 -0 0.584451250094637 -0 -0 -0 0.25000764882735 0.45194531379311 0.124064071810165 0.538239513110782 1.07174977526487 -0 -0 -0 0.456935287106737 -0 0.177134270593979 -0 1.40418004804702 0.00450108601664432 -0 0.555176800866786 1.54054287229887 0.196318369960678 -0 0.0223992724787731 -0 0.977266208358003
0.0354903990899624 -0 -0 0.650477957069737 1.0733278010409 -0 -0 -0 -0 1.05882798069255 -0 -0 0.285680876728157 -0 -0 -0 0.694212850174891 -0 0.346106558813812 -0 -0 -0 -0 0.473288719598046 0.0779719985687438 1.64432113581464 -0 -0 0.656137599241192 0.419924505473405 -0 0.451315490150807 0.108227210867191
-0 1.40175500137584 -0 -0 -0 1.28122746996318 0.231600399176437 0.898104203423817 0.216253354208695 -0 -0 -0 0.123527621813765 0.770472730945248 -0 0.0150030089872469 -0 -0 0.590808754407157 -0 0.101711350078836 -0 -0 0.160243648765395 -0 -0 0.754248509871102 -0 -0 0.115406865157821 0.317383407619276 0.480965449743077 -0
-0 0.281892871660551 0.0164197747200515 -0 -0 0.194732078501991 0.826410367638608 0.357227246215193 -0 -0 1.52686922429185 0.346196958078725 -0 -0 0.420378622267461 -0 0.582941840028618 -0 -0 -0 -0 -0 0.0687349908591933 0.907960161546141 0.32616210699627 -0 -0 -0 0.820616438393545 0.309566469317116 0.428826486779424 -0 -0
