0.0168847880211705 0 0.0271256995258725 0.0507248889801965 0 0.0211848723787292 0 0.0148190904137185 0 0.0770063670236977 0 0 0.0879137042882093 0.0545705860747215 0 0.0556697986401612 0 0.108674647342538 0 0 0 0.018255318491981 0.0580323070060825 0 0.00425432718337679 0 0 0.0296692258670182 0.0661977288495063 0.0344970932786567 0.00698051320873689 0 0.0339115118844931
0 0.0272337235966486 0 0 0.0783149573992476 0.00206146239819542 0.0358992675438819 0 0 0 0.0371007755463849 0 0 0.0369937595872166 0.0340252523830729 0 0.0174037195524424 0.103091327941481 0.0212950725488183 0.047234150728891 0 0 0.0152910857931951 0.0741643302857696 0 0 0 0 0.129857408783842 0.0593214212967233 0.0100077711165146 0.0189532664661315 0.019433398692238
0.00904896091755789 0 0 0.0944210749160017 0.00827562541963852 0.103104528982718 0 0 0 0 0 0 0.0753260424097182 0.0844914311114733 0 0.00428287102661277 0 0.0223747994269319 0 0.0146404268635102 0 0 0.0902857140552682 0.0508841173788742 0 0.0129882271859025 0 0 0.0131218616757282 0.0900417401497175 0.0538556998124501 0 0
0 0.117435767867123 0 0 0 0.0290449790311327 0 0.0254302116753517 0 0.0154576179043835 0.00243759652322506 0.0545763313489785 0 0 0.0603794933347516 0 0.0603678666129464 0 0.0114033994353197 0.159726927745901 0.0154319710383864 0 0 0 0.0829008944100319 0.137875810405451 0 0 0.0268856258183149 0 0 0 0.00761077604078915
0 0.0460038652399528 0 0 0.0683527795066802 0 0 0 0 0.00159274543088913 0.0419028784774313 0.00256757811348868 0.0101101622046007 0 0.0780768463470888 0 0 0.0607013684759459 0.0331735729073715 0.0272876011201088 0.0266729527250118 0 0.0288347869310012 0 0 0.0266762100699393 0 0 0.0819040917883195 0 0 0 0
0 0.0497479700359054 0.104187073720108 0 0.0925680366022296 0 0 0 0.00650402873662529 0 0.0339871159913329 0 0 0.0173658025126512 0.0623756739401135 0.0127649128596578 0.0322302626691942 0.0204094154665337 0.0817165940140767 0 0 0.0492698378575828 0.0366395082653702 0.0452805633040324 0 0 0 0.146763310721563 0 0 0 0.0676201475938537 0
0 0.000677145529296481 0 0.00129579071877542 0.0397883133497272 0 0.0570990281619969 0 0.00922450131298718 0.0117890805561846 0 0.0262111412168731 0.000447558906660255 0 0 0.04003537482635 0.0603198225232821 0.0982976416267238 0.0138801037776634 0 0.0468390779477977 0 0 0.0525973056751993 0.0633886066414547 0 0 0 0.0633031103969344 0.120289932677956 0.0651962077934023 0 0
0.0474194062354088 0.0181601395390863 0 0.00775258294615008 0 0.0213869307780945 0 0 0 0.0914381006787224 0.110036468089412 0.069086286372647 0 0 0 0.0299300726746956 0.0290548156310738 0 0.0551800211054553 0.0841611211636814 0.0697769478703447 0.105632338692051 0 0.0317034587156702 0.00984234034744185 0 0.0023075401267667 0 0.00902520391410005 0.163978068325008 0 0 0.00320151158495384
0.0676116115910202 0 0 0.00132509047118046 0.0319048627620508 0 0.231678795320751 0 0 0 0 0 0.0542632026139273 0.0603919135665462 0.02027088026196 0 0.0578408446214263 0 0.00720000886954499 0.0190147832537955 0.0044076201308176 0 0.144718868098438 0 0.0185897106755804 0.0551738910106385 0.132711704240344 0 0 0.0507281345281458 0 0 0
0 0.108446662159142 0 0 0 0 0 0.089699912028068 0.0839634065982357 0.00698169925481688 0 0.0539814569087889 0.0331901857457282 0 0 0 0.0188970370072499 0.143119217319178 0.0799927243313804 0 0 0 0 0 0 0.0397458247538024 0.0796663408556663 0.113389142217314 0.0471794404898625 0 0.00446087124889991 0.0539879745421771 0
0.00795769043452057 0 0.0640365599297119 0.00313943903231161 0.0410017354295669 0 0.0887040591570603 0.0833331191300002 0.13919303513876 0 0 0 0 0.124421063765543 0 0 0.0814915419136145 0.0579317190272354 0.0222603590784744 0 0 0.0717486028772953 0.0389901521111427 0.0293185682377214 0 0 0 0 0 0 0.173096765525604 0.149201203027682 0
0 0.00138963547403304 0 0.0767598246651628 0 0 0 0.0788129027205682 0.0664870834642574 0 0.00615895504382532 0.0753445447095735 0 0 0 0.0809263908254701 0.100313246683588 0.00243878386425345 0 0 0 0.0738855687256857 0.0520297207394056 0 0.0201814883091328 0.0719787293030282 0 0 0.107774042997435 0 0.0109740235012568 0 0
0.0493249488567343 0 0 0 0.0665660126929859 0.116050154629502 0 0 0 0 0.0297623311679074 0 0 0.18436208181021 0 0.11062461911674 0.0496377098241172 0 0 0.0707300050599984 0 0 0 0.00277291862246707 0.071510043931292 0 0.0684815145049435 0.103271543336322 0.0823946643492861 0.0357795423479785 0.0663925308057088 0 0.0239916937740111
0.0299408885476905 0.0715092416914971 0 0 0.046156707131307 0 0.0622141272072249 0 0.0804022047372847 0.069127358039606 0.0354527890587464 0.0177767171442754 0 0.0347677600427095 0 0 0 0.222655439240215 0.0345565937622973 0.000278147473550908 0 0 0.149617973422409 0 0 0 0 0.0836052653449448 0 0.054472920640968 0.0677633931641529 0 0.0878329325947177
0 0.00310828151970424 0 0.058497954767795 0.0258164320080444 0 0 0.0882418896755049 0.02447424871778 0.0144253973359021 0 0 0.132927142940229 0.0698325396470117 0 0 0.0557593121649651 0 0.0217533132259617 0 0 0.146672001941779 0 0.0287601860266082 0.0690728880985802 0 0.0593385306919715 0 0 0 0.0257397026672196 0.0521514247613122 0.019877834562479
0 0.153798322391266 0 0 0 0 0.0560881489025405 0 0 0.0595821166346576 0 0 0 0.13633666458893 0.0138375280951234 0.0461965660367955 0.00546715398473861 0 0 0 0 0 0.0096959924468303 0.015820322548932 0 0 0.0777008254063978 0.178131211374925 0 0 0 0 0
0.101156353329174 0 0.0453805134680746 0.102913184916855 0 0.0676102295687105 0 0 0.134270442460585 0.0577146572158968 0 0 0 0 0 0.0119532713475934 0.0375209388254579 0 0.111414096980451 0 0 0 0 0.122534129842777 0.0575841430475306 0 0.00946327238961182 0 0 0.0400792540787472 0 0.0152549033710405 0
0 0.00656371813694734 0 0 0 0 0.0904653379856082 0 0 0.0596162956920518 0.0366364139492973 0.0113873092692334 0.157844162676213 0.15596004693662 0.0484180304183091 0.0538170692692909 0 0.0559102927502871 0.0517428184750328 0 0 0 0.122038576739833 0.101515360582779 0 0.0450498104132504 0 0 0 0 0 0.0178798946963398 0.174268384476188
0.0501185995852324 0 0 0.0109103945247412 0 0.0366720938728317 0 0.0456390690597825 0.0413332426733889 0 0.0049304447137965 0 0.0232740868155439 0 0.0453987332655896 0 0.0574399398253808 0.053476031362946 0 0 0 0.0425873238298024 0 0.151905645183334 0.000173297037342121 0 0 0.045281700375023 0.121664093989747 0 0 0.0966176111489743 0.0956665358858771
0.00367329924813042 0.0576639132565191 0.0312009778605432 0 0.0197813332237547 0 0.118259061572536 0.0963318188738908 0.0320610212450804 0 0 0.0357758119339705 0.0944608132802145 0 0.073068847929192 0 0 0 0.0219328936185837 0.0532809665840369 0.0334709757967687 0.0280517171365831 0.00807471809619522 0 0 0 0 0.104617494263674 0.0652646438134283 0 0.0178395761918559 0.00457624401686871 0
0 0.0358676666073911 0 0 0.0942643986543193 0.0983551472276844 0.0185297541565761 0.012530004663291 0.00752427393952129 0 0.0185592273256703 0 0 0.082329344466383 0 0 0.0495480736603999 0 0 0.0966853327916762 0 0 0.0567276562414503 0 0.0600900973402164 0 0 0 0.0969356915846522 0.0405546046706641 0 0.0704094452423691 0
0 0.0859965357822725 0.0403085959397427 0.0382291033323844 0 0 0 0.016562335149881 0.131711484810165 0 0 0.100588422115905 0 0.0267944789952069 0.0887827721676687 0 0.00732079903665793 0 0.00967691662175787 0.0432554789319956 0.020126568594879 0.0622453595339298 0.0166541781450057 0.0830225061603464 0 0 0 0.0669769137490798 0.0214330790498039 0 0.0112160254120747 0 0.00295432233399892
0.00727398563377655 0 0 0.153619166782377 0.146360264819923 0 0.0436454223827908 0.0447802462877368 0.0526086495709217 0 0.0161891350591247 0 0 0 0 0.0283886619834324 0.0997015937732776 0.0183333865228135 0.118782604770442 0 0.000352402151946111 0.00365218149619842 0.0526816863343254 0.039183203979851 0.14745144912017 0 0 0 0.0404477123613602 0 0.0746590848550616 0.0389668888848232 0.0182574643604801
0.0785790864080338 0.071272172419401 0 0 0 0.0744147564465368 0.0962019838130844 0.0497321632940768 0 0.0222159657226687 0 0 0.0479591345212735 0 0 0.0695936882903557 0.0737252867248096 0 0.02417280842326 0.0769301834168068 0.0975406816748694 0 0 0.0771863886656673 0 0 0 0 0.00970124039131025 0.02735416508508 0.00862864226587321 0 0
0.0802680789020723 0 0 0.0359974111099434 0 0.128683601754987 0.125416986354598 0 0 0.0269249136660302 0 0 0.0815255857352838 0 0 0.0408709917385903 0.0564335662924119 0 0.0536083276885153 0 0.0359586623001387 0.0290397278667168 0 0 0 0.096258828026664 0 0.0347433645006514 0.0979665039700053 0.0568528158019807 0 0 0
0 0.0406520352512097 0.0775887002383106 0.0913122610727479 0.0116324620211435 0 0 0.000616069145842461 0.15112975098216 0.021473726136932 0 0 0.0281432568811927 0.0764075626868881 0.0624360351666206 0 0.123633966570449 0.117744581176813 0 0 0.0749267148936804 0 0 0 0 0 0 0.0390101888785926 0 0 0.0277914937248549 0.0940690497894272 0.0766294046001852
0.00263628727584281 0 0 0.106082301453921 0.0489391561516724 0 0 0 0 0.0919088426271931 0 0 0.0159229799663077 0.105108493300824 0 0.0376387576789019 0.0320964537785746 0.0613280359561868 0 0 0.00205656023785508 0 0 0.0717385545574659 0.0386760799107119 0 0.117230524256973 0 0.11093562744156 0.0376917250363655 0.0278132449664936 0 0
0 0 0.0604058683731891 0 0 0.161159318443211 0.0497410066761072 0 0 0 0 0.101037364345541 0 0.102839481668107 0 0 0 0 0.00829100042269319 0.043611350226714 0 0 0 0.0021705087171183 0 0.00110419201407138 0 0.11469981495948 0 0.124618272386999 0.0609873868307748 0.00194052535411953 0
0.0383316299266769 0.0704661274305178 0 0 0.0624326863619692 0.033204422509008 0.171734762723442 0 0 0.00837249902583917 0.10402581381586 0.0495729578483104 0 0 0.0208209858194885 0 0.027114920313163 0 0.0206469372799602 0 0 0 0.0733710656137762 0 0.0336571777844373 0.00646525856245791 0 0 0.182684218977555 0.0176228174781631 0 0 0
0 0 0.0146275054616907 0 0 0 0 0.0505197408567923 0 0 0 0.0216105648314183 0.0390659787802191 0.0107240505627683 0.0465252161182644 0.0926416376061119 0 0 0 0.0394973101507071 0 0.0153114180965748 0 0.121376782293009 0.000389072140915401 0 0.0479892687455993 0.133163932277868 0.0169696842537942 0 0.00193618448215324 0 0.0844745144891929
0.00306777642213737 0 0 0.0562270639662378 0.0927780415461461 0 0 0 0 0.0915246826623207 0 0 0.0246941449055173 0 0 0 0.060007491274271 0 0.0299173175817121 0 0 0 0 0.0409108945539335 0.00673986951202736 0.142134485388218 0 0 0.0567162812547589 0.0362981124473563 0 0.0390115370672627 0.00935511840513395
0 0.121167162193174 0 0 0 0.110748808819662 0.0200194492642948 0.0776317812854713 0.0186928566108231 0 0 0 0.0106776800317849 0.0665993659835208 0 0.00129685431588196 0 0 0.0510692810798861 0 0.00879188990928714 0 0 0.0138513992540246 0 0 0.0651969505654061 0 0 0.00997572495554385 0.0274344994600922 0.041574468149664 0
0 0.0243667112070717 0.00141931899991588 0 0 0.0168325658313369 0.0714345937453442 0.0308785855156523 0 0 0.131981987412886 0.0299251316593385 0 0 0.0363373661280537 0 0.0503892680322932 0 0 0 0 0 0.00594142612482761 0.0784837265078565 0.0281933268516216 0 0 0 0.070933768733924 0.0267588063252846 0.0370675962813275 0 0
