0
0.75182
2.0618
0
3.0669
7.8861
0
0
1.0831
0
2.9748
0
0
0
0
3.1927
7.435
0
7.4808
0
8.1032
0
3.5808
3.6634
0
7.6041
0
2.3672
0.7399
3.5155
4.7996
0
3.9161
0
0
3.4862
5.8561
0
11.1585
10.7435
4.7072
0
5.4761
0
0
4.6079
0.55286
0
0
0
0
7.5139
7.9859
0
0.83615
8.3523
0.56511
2.0759
2.8945
0
0
11.5681
2.5824
0
0
0
2.5505
0.61105
0.94596
6.0823
0
0
5.8839
11.0798
7.573
1.4268
0
2.122
7.3678
10.4639
0
0
6.0515
0
0
3.2615
3.3429
0.77627
0
6.2971
2.9325
0.97646
4.3778
0
2.7347
0
1.6434
3.1906
5.1714
0
0
0
0
0
8.9327
0
3.8215
12.2315
0
0
0
4.7266
0
0
0
0
0
0
0
0
3.5768
0
0
0
17.4769
0
0
0
3.6457
0
1.9754
0
0
2.2751
0
0
0
5.2126
0
4.1577
0
0
1.0296
0
7.728
0
7.1139
0
0
0
0
0
0
0
0
0
0
0
1.5342
0.9919
0
0
2.0291
0
7.1518
0
0
0
0
0
0
0
13.9846
0
0
0
0
0
4.9206
2.6177
0
5.8566
0
0
1.0591
0
5.2402
1.2153
0
0
0
0
0
0
10.8592
0
6.2629
10.279
0.12505
0
0
0
0
0
0
0
0
7.475
10.0141
10.919
0
0
0
0
0
0
0
0
0
0
0
8.0475
0
0
0
0
0
0
0.29342
0.38813
0
0
0
12.9561
0
0
0
2.8067
5.9464
0
1.7507
0
7.1698
0
0
0
0
11.6183
0
0
0
0
0
0
0
0
0
0
0
0
0
0
0
0
0
0
4.2549
0
0
6.0176
0
1.4456
12.3461
0
1.3256
0
0
0
0
0
0
0
3.5639
0
6.7086
2.6843
0
0
6.0213
0
0
0
7.2217
15.7724
0
0
1.1708
0
0
0
0
10.7568
0
5.781
0
0
4.2336
0
0
0
1.4784
0.4665
0.93796
0.75262
1.6796
0
8.4569
0
8.5237
0
0
2.8637
0
0
0
5.3204
0
7.1712
0
8.2102
0
0
0
8.6579
0
0
0
0
0
0
0
0
5.1361
8.0694
0
6.6855
0
0.078221
6.1679
0
7.1627
0
0
0
0
3.9277
0
0
0
0
0
0
0.93466
0
0
4.4906
0
0
4.6723
0
0
0
0
0
0
6.7179
0
8.0792
0
0
11.2669
0
0
0
2.4819
0
2.2655
0
0
0
2.2996
0
0
0
0.04257
0
0
0
3.3636
0
0
1.9975
0
10.7638
0
4.6772
0
5.9374
3.3888
0
0
2.0642
0
0
0
0
0
0
0
0
3.5763
0
0
0
0
0
0
9.4951
0
0
0
2.3419
0
6.9027
0
0
3.6966
3.616
10.8399
0
0
0
0
0
2.0012
0
6.4312
0
0
4.8256
0
0
5.829
1.5286
1.6044
0
0
5.3452
0
0.35701
0
10.3724
0
0
0
5.5459
15.8082
0
0
0
3.7026
0
0
0
0
0
5.1449
0
0
0
0
0
0
3.8149
12.5221
0.40487
0
0
13.3496
3.9752
0
0.85455
6.0949
11.5184
0
0
0
0
0
0
0
0
0
0
0
0
0
0
0
0
0
0
0
0
0
0
0
0
0
0
10.9052
0
0
8.7277
0
0
0
8.3836
0
0
0
0
0
0
1.2834
0
3.5857
2.6441
0
0
0
19.5819
0
0
3.5814
0
10.7387
0
0
0
0
0
0
0
0.11222
2.0731
0
9.7282
0
7.6748
5.7873
0
0
0
0
0
0
0
0
0
0
5.058
0
0
0
0.81949
0
0
4.1415
0
6.8181
0
11.4899
0
0
0
0
0.68589
11.0527
0.053402
0
2.1656
12.0897
3.5268
0
0
1.4008
0
11.027
0
2.2073
0
0
0
1.1715
0
3.3243
0
0
0.35457
0
0
0
0
0
0
0.56815
0
0
0
13.4474
0
0
0
0
0
6.1858
0
0
1.6313
0
0
0
0
0
0
0
0
0
9.3496
0
14.0934
8.1393
0
0
0
0
0
0
3.3982
0
0
0
0
3.2736
5.3789
0
0
0
0
0
0
0
0
0
0
0
0
0
3.4888
0
0
0
0
6.9854
0
0
0
0
0
0
0
3.1236
0
0
0
4.0022
17.3806
0
0
0
0.69077
3.6589
0
0
0
6.307
0
0
0
0
2.7348
3.2099
0
0
0
5.8761
0
0
0
0
11.0468
7.7488
0
0
0
0
0
0
0.18057
8.3871
0
0
0
1.0254
1.1838
0
0
0
4
19.5009
0
0
0
2.2818
0
0.65065
6.8188
0
0
0
0
1.6851
10.8138
0
0
8.0582
0
0
0
0
0
0
0
0
0
0
0
0
0
0
0
0
0
0
6.9384
0
0
0
0
0.57015
1.9483
0
14.2659
0
0
0
0
0
0
9.9632
0
0
0
2.2277
0
0
1.7225
0.22726
0
0
0
0
0
0
3.4248
0
0
0
0
0
14.4157
0
0
0
0
0
0
0
3.5274
0
0
0
0
0
1.4987
0
0
0
0
7.2517
0
1.6576
8.298
0
0
0
0
0
0
0
0
0
0
0
0
0
0
0
0
0
0.34888
0
0
0
0
7.4927
4.736
0
0
18.6504
1.8531
0
0
13.1878
0
0
0.48268
0
0
0
0
0
0
0
0
0
16.9492
0
0
0
0.74843
0
0
0
4.4776
0
0
0
0
5.4257
0
0
0
0
0
4.2907
0
0
0
0
0
3.3854
0
0
0
0
10.4999
0
0
0
2.2511
0
12.1563
0
0.672
0
4.2004
0
0
0
0
0
0
0
0
0
0
0
1.8681
0
0.34237
3.6722
6.6399
0
1.8233
4.0799
0
0
0
4.2204
0
0
0
0
1.223
5.1208
0
8.4118
0
0
0
0
0
0
1.168
0
0
0.25892
0
0
0
2.652
0
4.9808
7.83
0.67423
0
3.1979
0
3.8615
0
0
0
0
0
0
0
0
9.7517
0
0
1.7404
7.8485
0
0
0.87816
0
0
0
1.0051
0
0
0
0
0
0
0
0
5.5355
0
0
0
0
0
0
0
0
0
0
0
0
0
0
0
0
0
9.3209
2.4106
0
0
3.4548
0
0
1.8433
0
6.8022
0
0
0
0
0
3.4189
0
0
0
0
0
0
0
0
2.1172
9.2313
0
0
9.3806
0
0
0
7.4464
0
0
0
2.8785
0
1.0859
2.6543
0
0
0
0
0
0
0
0
0
0
0
0
7.4275
4.6679
0.24223
4.2423
10.1092
0
1.0645
0
0
0
0
0
0
0
0
2.1421
0
0
0
0
0
0
0
3.0658
0
3.4428
0
0
0
1.2888
};
