0.243519723884619 0.0243340725788688 0.127132048815281 -0 0.0424840624153736 -0 -0 0.109268563480603 0.0838104274318641 0.204730128973278 0.18609143977146 -0 0.109450803904321 0.0452639887620824 -0 0.183491189055778 -0 0.322257252682673 0.19744952023101 -0 0.184124926528656 -0 0.0926661471988521 0.30547832627524 -0 -0 0.249418010910823 0.0743789986359639 -0 0.0168093944296668 -0 -0 0.0135362041300814
0.0879404012537186 0.0055766249636499 0.0293912950291604 0.0842382187286141 -0 0.0102016102174685 0.00161475207626002 -0 0.108819839482405 0.0124144879187957 -0 0.119857192973438 0.112947412420285 -0 -0 -0 0.297013957356447 0.172443248102357 -0 -0 -0 0.189383048858223 0.0700548426544377 0.0687982829094557 -0 -0 0.16330195378961 0.00714677353490211 0.162804599791001 0.00603017897671334 -0 -0 0.0642434393859062
0.151839799647113 0.0330796727717174 -0 -0 0.0749431600616408 0.218820868180054 0.184839713435051 0.155441962833135 0.205834597441589 0.00800302363584645 -0 0.0120351346743433 0.0991260853123553 0.0522105275201704 0.146770357165266 -0 -0 0.383892149285805 0.0535903330940454 0.111382537416692 0.185656775661371 -0 0.0902175067533722 0.16670715132986 0.0473934100261356 0.312306885663868 0.102290846284498 -0 0.0407280289205551 -0 0.00564484380542952 0.104963448112883 -0
0.0527442966646149 0.149899503457077 0.216567990813439 -0 0.0977730726142575 0.311614921193489 0.150960777681297 0.123993430872788 0.029274889686279 0.0145436902533002 -0 0.254705714628864 0.398431054915717 0.105906431200132 -0 0.117489245469779 -0 0.0251362574619762 0.107290815032857 0.321724751431601 0.138285064774749 0.164637145825674 0.159732433557267 -0 0.264369042164715 0.067819664142213 0.0250821535124823 0.00450936807716951 0.155609421675347 0.0150466009596468 0.0414581919240532 0.0632525845911652 -0
0.166475749196014 0.0681673430607146 -0 0.152761324853 0.0224043931546133 0.300002203910163 0.128955123557434 0.424793143460519 0.331746234520079 -0 0.0578353518875983 -0 -0 0.298800856880065 0.397322410925789 -0 -0 0.0831279588703828 0.194940127783031 -0 -0 -0 0.0501014997187922 0.168446230291527 0.0259397805126751 0.340758884483412 -0 0.223012526969588 0.00344668985530546 -0 -0 0.140255518203229 0.0506744175623138
0.00634085131620292 0.0597962564999656 0.361499806179903 -0 0.205480216527845 0.300624742602829 -0 -0 0.16278939270448 0.296569535392391 -0 -0 0.0838215193019809 0.114502316256422 0.0822177418262187 -0 0.062703645424255 0.128301945328905 0.125951630117244 -0 0.0291323949311091 0.0516225781471071 0.257866395927769 0.188581791502831 0.124307552781311 -0 0.233722947917407 0.342686613377294 0.0636098629639432 0.0156184404267269 -0 -0 0.116521814553595
0.0846025685824249 0.099871446755113 0.053663209709336 0.32926149329033 0.227470640337897 0.0886075517581856 0.0936842339807714 0.0103442497643707 -0 0.0773397395944729 0.172944507516225 0.0525425691412026 -0 0.0959388007913422 0.162819399395515 0.354113718709586 0.17343301972111 -0 -0 0.0887211334115914 -0 0.366452551437515 -0 -0 0.373977491525411 0.474396095240215 0.0341803632996613 -0 -0 0.154044499782205 0.090163017152732 -0 -0
0.179032488867912 0.0501882309667496 0.0670156362746119 -0 0.413841921590392 0.388392972952704 0.309716400949676 -0 -0 0.142312072025441 0.0594121988258594 0.315646203436811 0.26722988053678 -0 0.186723277698208 0.121444394662705 -0 -0 0.0307992252437454 0.0523696775878015 0.256819806608288 -0 0.0396587576031321 0.178559341077868 0.0318675429142731 0.000114763591276073 0.0392343408779529 0.046025170612952 0.109216463674742 0.218146755069053 0.0107124496546258 -0 0.0408918834030509
-0 0.178961650555639 0.0118223461237471 0.087279205366006 -0 0.201272914252548 0.28481363514467 0.230655095447959 -0 0.0210622194538919 0.17033775350342 0.230910620370733 0.0580617551541655 0.0834505672660129 0.194231205382097 -0 -0 0.0632396417135776 0.171204520581674 -0 0.103555165466318 0.236347802844911 -0 0.232653373238595 0.0776715225807286 0.0573958578127589 0.212727505885066 -0 -0 0.0575424626973148 -0 0.0356261426706944 0.00094267473693875
0.349645322202598 0.273263834458606 0.186757168630936 0.0669011230178644 0.032201451949322 0.0272606754741263 0.0910955251791704 0.0248895241114072 0.119032518219901 -0 -0 0.370967593881955 0.531567376342688 0.167314079905718 0.113301572706276 -0 -0 0.181360012210832 -0 0.0847832255084147 0.189064678214999 -0 0.126989405111775 0.154136307401961 0.0712082622100425 0.197533750294623 0.247170379664213 -0 0.0732381087037606 -0 0.0809268849271837 0.00587517171036488 -0
0.0239573333511295 0.140838201694363 0.363581190849323 0.124529994181259 0.0890552717155078 -0 -0 -0 0.162267370164494 0.322298111530152 0.329777754910114 0.156241723953068 -0 0.0604256637529779 0.183032573937155 0.0566013448543672 0.0782362929994344 0.00637440857359421 0.0537756858010324 0.0107013396241235 0.234271685075673 0.103235472795773 -0 0.0144703307530793 0.0454097498695862 0.0993250033899756 0.279111237034879 -0 -0 -0 0.077033711480409 0.269826271688937 0.0210834187300058
0.107325965880198 -0 0.0981442802053146 0.141952178217754 0.102703033039239 0.216539949146545 -0 0.114796453707391 0.361084700670999 -0 0.0236103398705889 0.412017980762541 0.260580566070181 0.044807335088632 0.1324800092866 0.0186425010823036 0.0948274349804266 -0 -0 0.292463818750841 0.248873014317836 0.298341550914351 0.298607669931117 0.00408210876183784 0.0155631262189844 0.201136411256575 -0 -0 0.0642971858476198 0.0241121649893375 0.243411212951974 0.08896462924985 0.0295812167168767
0.239735088101133 0.110588153593469 0.156994454988947 -0 -0 0.238337321548067 0.00648823358678429 -0 -0 0.399074579893326 0.362981369906662 0.4280907906401 -0 0.190545081313626 -0 -0 0.101874611683809 0.0688568609758718 0.13127073061559 -0 0.110714445722706 0.169341270736428 0.0754220260365142 0.142319349911572 -0 0.308218986914111 0.0148014484766097 0.014662094397879 0.17550079764024 -0 -0 0.0101987594917327 0.0138817746293769
0.0759303037488444 0.254609964372883 -0 -0 0.337582367705737 0.085411212244188 0.184823200863489 0.191106979496386 -0 -0 0.10558575772447 0.065267159713992 0.552847039439219 0.0934354260973758 -0 -0 -0 0.149800999758707 0.104123939737023 0.257215095084626 -0 -0 0.160578211681947 -0 0.0634617479970257 0.115233167135382 0.0583725608799759 0.260378482749227 -0 -0 0.25800476614787 -0 0.00727483500999647
0.254524163550593 -0 0.00647205087225979 -0 -0 0.270953346655101 -0 0.388687518351621 0.238590720988719 0.41652506999135 0.119628133782864 0.0764475913882046 -0 0.0141503761357308 -0 -0 0.306460590597943 0.416917202281765 0.182234434834625 0.0630090640040829 0.277294932761969 0.165365791158143 0.122342155937374 -0 0.0199656568347552 -0 0.344652923355946 -0 -0 0.0304461303693555 0.0749919930628064 0.184141337886749 -0
-0 0.314409024698241 0.174525033184903 0.161760177127593 0.23438004064146 -0 0.284687184613569 -0 -0 0.232023073241686 0.097185349896676 -0 0.259243414939215 0.0343310747628038 0.189786820067423 0.0822240946052011 -0 -0 0.12451339711775 0.293416113908519 0.0780944647726596 0.274791771721426 0.137129555900617 -0 0.0623820681584626 -0 0.011936656551713 0.301386819530607 -0 0.184110125621223 0.269503743669611 0.0263466368676591 -0
0.18246720561392 0.188508937714983 0.101081746777228 0.159051926708988 0.154056311117672 0.456291984885842 -0 0.0256711224339623 0.160974111749467 0.0108448475150622 0.0202075113177109 -0 -0 0.27052586714199 0.174672871865184 -0 0.485456719626622 0.00337768148922192 0.166852098716502 0.11426553637539 0.0992002754333531 0.111248324837017 -0 0.230298895991764 -0 0.173544353892133 0.294963487281203 0.0172984074165317 0.0277423163310448 -0 -0 0.0553985201878315 -0
-0 -0 0.279302109992969 0.332728308806875 0.0584258944080953 -0 0.147179323311774 -0 0.131753982603497 0.396782102262621 -0 0.368929942937424 0.0734138546871572 -0 0.148471106562644 0.216515527590145 -0 0.367993990021033 0.412713760256511 -0 0.189564886311611 -0 -0 0.226240569906201 0.109547364675486 -0 -0 0.339129585257688 0.0333029436556538 -0 -0 0.11476648604265 0.131660611648294
0.301734541585648 0.16852821429587 0.038692022610197 -0 0.106761433640736 0.337229243990005 0.193978083651777 0.0836670896550948 -0 -0 0.356302644799194 -0 0.230083117249529 -0 -0 0.120897009894444 0.106753718133896 0.235625180930684 0.0697785091407794 0.0973202747778782 -0 0.0896512504054795 0.11453774877625 0.26333581464648 -0 -0 0.112134214096017 0.172930712740681 0.125372388465578 -0 -0 0.151090687748481 0.0955629011171485
0.215106689692671 0.237765201094366 0.442139155386189 -0 0.0564555403699495 0.176955949442934 -0 -0 0.030379473967612 0.0172922101337878 -0 0.342683641892097 -0 -0 0.437751225417774 0.139076307060311 -0 0.413302460756837 0.144349384014529 -0 0.315005265661919 -0 0.128667009882158 0.0720273844847104 0.144058922084771 0.204301021089833 0.0310291408279082 0.157296256447112 0.142031074381363 -0 -0 -0 0.0970845438738376
0.140868658146898 0.389908274763875 0.0745721341060788 0.010725941129687 0.143575857171746 0.00230241601559193 -0 0.189472324642015 0.0376859597999128 -0 0.0398469721216866 0.0999918892851962 0.0832548416294506 0.158198692862936 0.212190330963635 0.187209197234568 -0 0.0840139694306109 0.0712343868408849 0.410370109524069 -0 0.141964692713733 -0 -0 -0 0.119853613677711 0.370965092093212 0.206345385495293 0.0840692302750655 -0 -0 -0 -0
-0 0.154030017851542 0.150263573806978 0.0823434361721636 0.286073537404195 -0 -0 0.0933090023093237 0.133849717085021 0.292223819069298 0.219616430814586 0.145737872285 -0 0.102661132887644 0.183094546804526 -0 0.37565979499389 0.00155424952456903 -0 0.230476698149266 -0 -0 0.131749446094884 0.207340969693713 0.210389442336105 0.115490249353518 -0 0.171483561713985 0.22922721675001 -0 -0 0.0211251821981203 0.0432949286392328
0.292175747644063 0.252648580523209 -0 -0 0.21326125058157 0.0136421222903017 0.0619905255266279 0.0569201799983999 0.157485389057487 0.0213445147125177 0.215685179432503 0.365341067906118 0.126798878990755 0.00745133261357381 0.025056905448761 0.278311650142333 0.0540306423359342 -0 0.0851574599840485 0.0447687727553101 0.0729246978891207 -0 0.239368218603693 0.242570352091473 0.236073714235513 -0 0.219735274066343 0.147341057135464 -0 0.186411002349152 -0 -0 -0
0.0626689921264938 0.19075058528183 0.0989580621316113 0.112359930273642 -0 0.365178941674016 0.147179621905056 -0 -0 0.27074725210608 0.224681212524065 0.123855961894757 -0 -0 -0 0.265507293326023 0.403859063739513 -0 -0 0.00478656170563572 0.0475012577723937 0.284072092619121 0.0478937296469785 0.0843778654276489 0.41632366171139 0.158917321002919 -0 0.105440156588438 0.244546517609216 -0 0.180607778028828 -0 -0
0.118702264475081 0.245842465558292 -0 -0 0.159594782093658 -0 0.28151012472465 0.298496698612096 0.0516349204778811 0.0765492724930652 0.0412951022380974 0.190967786086077 0.276655444072544 -0 -0 0.00852141942873169 -0 -0 -0 0.037033743447403 0.434091742085769 0.0178067378463378 0.0544134038800432 0.331831044920031 -0 0.34211096022153 0.304401497085957 0.132768937623423 -0 -0 -0 0.121135109524519 0.0291645763138261
0.0609468569910306 -0 0.266958217702684 0.333951303684192 0.0548632826802341 0.0225102657830125 0.00436777312298309 0.0725578121538129 0.233473969180918 0.351290862642933 0.117109186468864 -0 0.190787325841764 0.100967267025514 0.0351522125806481 0.0635469239342542 -0 0.0734524219435173 0.106550296421939 -0 0.0997378718441966 0.132504806011111 -0 -0 0.650106978003983 -0 0.213019134224228 0.0453779981956804 0.0500467036380616 -0 -0 -0 0.098666733866947
0.101263156535373 0.157703912461831 -0 0.0123074242124061 -0 0.019213607007901 0.185283430595142 0.25455286223313 0.116422503017318 0.045060156707771 0.00763796228830166 0.0781364173188211 -0 0.00790484986655233 0.132105390606916 0.0497109854879186 -0 0.204404237553179 -0 0.31911391277656 -0 0.178429450407447 0.126933572769089 0.293007469466901 -0 0.298850259946996 0.0136654707964842 -0 -0 0.0547510582168378 -0 0.0472136703876733 0.0371957775371466
0.0836008892337155 0.0280288637879282 0.290372082625984 -0 0.0962560282311273 0.0799379626914879 -0 -0 0.0641646881054839 0.16861469938373 0.178095297058408 0.108403218316368 -0 -0 0.0297250871726621 0.142026989757185 0.222107590845985 -0 0.0474930850416715 -0 0.245241812440787 0.150980162096991 0.0902025134989794 0.242184970491451 0.279061602861562 -0 0.136440501620031 0.0172163853887533 0.0999597885967212 0.0442080739295074 0.0306532149404701 -0 0.0573941406147909
0.0915660012804991 0.140947955599635 0.0245623331346552 0.106737029233687 0.0534495448100822 0.104250682892676 0.0951581958109774 0.0611302937142324 0.165699401984953 -0 0.0610522911871249 0.199628307931567 -0 -0 0.134198828587744 0.0890176371263468 -0 0.0697634345835257 -0 0.141982035122864 -0 0.23036362374996 0.159909784889001 -0 0.0211520643074843 0.0258983493008668 0.0488700386456012 0.133088266927814 0.133482841199153 0.0785650021800642 -0 0.0241102456519398 0.030991796086484
-0 -0 -0 0.0167821794500958 0.204960779272225 0.0873057826472885 -0 -0 0.131491879692977 0.283832333009572 0.0891386808778076 -0 0.0241806036415435 -0 -0 0.128657651797286 0.0891249851523928 0.0738974987643451 0.0968896612734166 0.0920637808894429 0.182894255199513 -0 0.0407662149846356 0.285954448025097 0.0749102468074554 0.0888717767013628 -0 0.112124376295374 0.0633576955440855 -0 0.0332700411720982 0.0716515913673295 0.129995340844725
0.116244417408605 0.0805355711677882 -0 -0 0.12106081406744 0.0530303031509183 0.0685663530644617 0.0757123426993182 0.0992497138536351 -0 -0 0.0677928285676833 0.0543915732593294 0.170625513299774 0.153895958119909 -0 -0 0.00931215157241858 0.115795898195972 0.0862857251058929 0.0588566906134597 0.0346931612036615 -0 0.040467499642965 0.100001936479076 0.100982045156012 0.0940485869008009 -0 -0 0.172368083710034 0.0135576077134406 0.038398963363771 0.063095865060892
0.00449708438044351 0.113530447813144 0.0743483967403294 0.135601440996814 -0 0.0757319193321399 0.0570484028789216 -0 -0 0.0956051700463773 0.119846850750127 -0 0.00358239495491232 -0 -0 0.0808473843643659 0.13949991960967 0.0291014290443649 -0 -0 -0 0.105336324583568 0.124800194159584 -0 0.0920702889704243 -0 -0 0.0336689394148499 0.165040614498176 -0 0.109197081420668 0.0601583998701396 0.0396311406538087
-0 0.00305947605679819 0.0308472835667394 0.00974942224398805 0.0649869063073597 0.0308894283033158 -0 0.102900887156601 0.0562740855724622 0.0811520044439731 -0 0.11769713667706 -0 0.035140662117708 0.0390175676515781 0.0114335217577255 0.0281660004572043 0.0382821469047096 0.0667655886839647 0.0156480113811596 0.0166977974193563 0.0583181709413848 0.0114202997076842 0.113031360002273 -0 0.0140726198860056 -0 0.223003722632068 0.0213397936405126 0.0925136529423627 -0 -0 0.0585428135509389
