0.0210497510993029 0.00210342785728624 0.0109892453129342 0 0.00367230598517999 0 0 0.00944513252378223 0.00724454105328574 0.0176967934616154 0.01608567234889 0 0.00946088531578728 0.00391260174742528 0 0.0158609076789579 0 0.0278557927493769 0.0170674604473057 0 0.0159156877019211 0 0.00801002605764867 0.0264054288159925 0 0 0.0215595967571137 0.00642929198229648 0 0.00145299757748635 0 0 0.00117006426921941
0.00760153439908087 0.000482041313066732 0.00254057221723502 0.00728151916813981 0 0.00088182325630249 0.000139578547273898 0 0.00940634499428078 0.00107310355213678 0 0.0103604095771207 0.00976313080859026 0 0 0 0.0256737720281518 0.0149059279199488 0 0 0 0.0163701977700235 0.00605551360544182 0.00594689706526453 0 0 0.0141157579618883 0.000617764350554427 0.0140727668738895 0.000521246347192013 0 0 0.00555317814616615
0.0131249737744206 0.00285939416809195 0 0 0.0064780578785487 0.0189147915291902 0.0159774736066874 0.0134363433722309 0.0177922632904411 0.00069177827934884 0 0.00104031240385912 0.00856842061902954 0.00451305788102657 0.0126867731196528 0 0 0.0331834894625266 0.00463232774316414 0.00962786361625901 0.0160481001506992 0 0.00779836652105417 0.0144101019251732 0.00409666810097913 0.0269956868583576 0.00884198133801242 0 0.00352051512652461 0 0.000487938123464004 0.00907300001024822 0
0.00455919668019985 0.0129572553193909 0.0187200536777011 0 0.00845146672275028 0.0269358737161666 0.0130489914544011 0.0107179443873608 0.00253051018424979 0.0012571509815048 0 0.0220166638290374 0.0344402268630294 0.00915451110495878 0 0.0101557251073245 0 0.0021727684094833 0.0092741767100272 0.0278097635464183 0.0119533077149785 0.0142311714470081 0.013807210008416 0 0.0228519581377525 0.00586230563610652 0.00216809168493643 0.000389788039035945 0.0134508184500263 0.0013006223891793 0.00358363013519978 0.00546752903950598 0
0.0143900996138876 0.00589235886785378 0 0.0132046300581343 0.00193662711139976 0.0259320749088207 0.0111468311911769 0.0367189556389736 0.0286760166830976 0 0.00499926553198363 0 0 0.0258282309344434 0.0343443961037239 0 0 0.00718554873380083 0.0168505495310242 0 0 0 0.00433075433052831 0.0145604272405159 0.00224222463237134 0.029455066673164 0 0.019277116899823 0.000297930543010339 0 0 0.012123632950079 0.00438027712816499
0.000548100744508889 0.00516876537109877 0.0312479039526943 0 0.0177616307408075 0.0259858869135374 0 0 0.0140714523791903 0.025635356364824 0 0 0.00724549983026471 0.00989753609704869 0.0071068699232291 0 0.0054200789494361 0.0110903707167861 0.0108872103755162 0 0.00251819299251913 0.00446223576376827 0.0222898719026377 0.0163009373929648 0.0107450969640958 0 0.0202029215596015 0.0296216988159566 0.00549841204438202 0.00135005197237191 0 0 0.0100721007517011
0.00731301342911153 0.00863284937493804 0.00463862716970897 0.0284612366086213 0.0196624745015746 0.00765920263161984 0.00809802908678747 0.000894152963774694 0 0.00668521728991409 0.0149492565905377 0.00454175943080596 0 0.00829291297316109 0.0140740461460011 0.0306094533977753 0.0149914833972939 0 0 0.00766902058597483 0 0.0316760173443652 0 0 0.0323264702660448 0.0410066156777474 0.00295453743320815 0 0 0.0133155472045805 0.00779365646097082 0 0
0.01547549935275 0.00433825134618237 0.00579280577703997 0 0.0357723362402564 0.0335725389260311 0.0267717663578312 0 0 0.0123014006700375 0.00513556757373454 0.0272843361999413 0.0230992479042925 0 0.0161402881758177 0.0104976066795586 0 0 0.00266227316247855 0.00452681475154872 0.0221994051251346 0 0.00342808772585935 0.0154346006400924 0.00275461813027365 9.92012060907261e-06 0.00339140130767156 0.00397839801331503 0.00944062903663876 0.0188565214516252 0.00092598002041316 0 0.00353467864485496
0 0.0154693761163326 0.00102191904353749 0.0075443808813197 0 0.0173979531532931 0.0246191808772072 0.0199377375742506 0 0.00182061013387723 0.0147239297781081 0.0199598250501161 0.00501883574310774 0.00721343487921128 0.0167892705518502 0 0 0.00546641026215447 0.0147988527903688 0 0.0089512686009201 0.020429813008123 0 0.0201104679364946 0.00671389648340305 0.00496127583350084 0.0183880836403123 0 0 0.0049739483032319 0 0.00307951004495098 8.14844410285359e-05
0.0302232069254787 0.0236208205562855 0.0161432176949838 0.00578290729525109 0.00278348109860108 0.0023564022838705 0.00787426209546116 0.00215144087373168 0.0102891250091895 0 0 0.0320662958735215 0.0459484791869453 0.014462564597408 0.00979374428724588 0 0 0.0156766895736681 0 0.00732862934418317 0.0163426779342981 0 0.0109769152461669 0.0133234830198568 0.00615521474739142 0.0170747412615488 0.0213653123782164 0 0.00633067389616577 0 0.00699528875027089 0.00050784757881642 0
0.00207086266360603 0.0121739998865325 0.0314278180415176 0.0107643247129959 0.00769790337221483 0 0 0 0.0140263289519802 0.0278593245724093 0.0285058620641089 0.0135054744152731 0 0.00522317109152526 0.0158212651648183 0.00489259843952005 0.00676271502077804 0.000551001420907475 0.0046483495597358 0.00092501967365747 0.020250354188122 0.00892363448966252 0 0.00125080981457267 0.00392520128139307 0.0085856150210117 0.024126267781851 0 0 0 0.00665876433765349 0.0233236789550407 0.00182244259113599
0.00927721513572698 0 0.00848355376388715 0.0122702915879758 0.00887761060226796 0.0187176297668198 0 0.00992296122497313 0.0312120223924536 0 0.002040868680852 0.0356146754978999 0.0225244837239208 0.00387312877985051 0.0114515209553932 0.00161145061020563 0.00819684694069821 0 0 0.0252804598003476 0.0215124874616146 0.0257885287037473 0.0258115319290153 0.000352855908450698 0.00134527063356838 0.0173861538869187 0 0 0.00555782396960703 0.00208424625075283 0.0210403714560967 0.00769006827240983 0.00255698897474038
0.0207226086404784 0.00955919738467249 0.0135705401959713 0 0 0.0206017862382203 0.000560840411188447 0 0 0.0344958529141301 0.0313759697503576 0.0370040029905236 0 0.0164706434077129 0 0 0.0088060021795128 0.00595196053075418 0.0113469913730317 0 0.00957011402766065 0.0146377941916952 0.0065194508688996 0.0123020297677104 0 0.0266423304655822 0.001279431503008 0.00126738579013858 0.0151702213238651 0 0 0.000881576840668334 0.00119993525002292
0.00656338619850331 0.022008387213805 0 0 0.0291804897868807 0.00738291227564689 0.0159760462663642 0.0165192136701194 0 0 0.00912679221328475 0.00564166813686487 0.0477878850655066 0.00807652222921768 0 0 0 0.0129487406976593 0.00900043322971912 0.0222335737087163 0 0 0.0138803187436172 0 0.00548560904371349 0.00996071056541377 0.0050457016702868 0.0225070157195245 0 0 0.0223018325711462 0 0.000628833935116796
0.0220009706237871 0 0.000559441583580491 0 0 0.0234211028808302 0 0.0335979993168189 0.0206236899882301 0.0360042665541616 0.0103406097889488 0.00660810034272777 0 0.00122315306073433 0 0 0.0264903353655598 0.0360381623182483 0.0157522743283353 0.00544647921379221 0.023969267140361 0.0142941552687843 0.0105752088182147 0 0.00172582368360774 0 0.0297916658928506 0 0 0.00263175177759119 0.00648227898435307 0.015917106293391 0
0 0.0271773949464903 0.0150858766203284 0.0139824873813026 0.0202597204014769 0 0.0246082505420229 0 0 0.0200559850476297 0.00840066419750449 0 0.0224089008953925 0.00296756487400989 0.0164050995977651 0.00710741905499647 0 0 0.0107628900692214 0.0253627758268379 0.00675045544350502 0.0237528948645372 0.0118534259731405 0 0.0053922819344915 0 0.00103179999288465 0.0260517605495302 0 0.0159144083171857 0.0232957997573271 0.00227739313892583 0
0.0157723949448061 0.0162946399396153 0.00873746724249557 0.0137483872586644 0.013316568171867 0.0394417033546109 0 0.00221900193156703 0.013914540192905 0.000937424440453597 0.00174672949192281 0 0 0.0233841517164337 0.0150986557388865 0 0.0419626917878167 0.000291965486436456 0.0144226311214232 0.00987706893536862 0.00857483358450157 0.00961626233258684 0 0.0199069478305082 0 0.0150011070801378 0.0254965301849371 0.00149526767164394 0.00239803513395617 0 0 0.00478862673881841 0
0 0 0.024142766766801 0.0287609068060343 0.0050503117999069 0 0.0127221239957737 0 0.0113887634886591 0.0342976920310719 0 0.0318901621110261 0.00634586531125194 0 0.0128337852422275 0.0187155187768947 0 0.0318092587015757 0.0356748184092601 0 0.0163859157294285 0 0 0.0195561476874308 0.0094692319916399 0 0 0.0293142306758958 0.00287869361726843 0 0 0.00992037083158005 0.0113806925392692
0.0260818175099834 0.0145675139062611 0.00334452352557341 0 0.00922841718647413 0.0291499659089588 0.0167673908070146 0.00723215099109287 0 0 0.0307986633255217 0 0.0198882959991736 0 0 0.0104502909511091 0.00922775026103574 0.0203673498482987 0.00603162744299832 0.00841232705224621 0 0.00774941954053283 0.00990059887040979 0.0227626463492007 0 0 0.00969283825878302 0.0149480641754551 0.0108371409503402 0 0 0.0130602208305514 0.00826042035016585
0.018593739371892 0.0205523323666525 0.0382183382260444 0 0.00487999515606853 0.0152960040849893 0 0 0.0026259900239086 0.0014947319809115 0 0.0296214419619211 0 0 0.0378390472503365 0.0120217023932602 0 0.0357257054536696 0.012477505133355 0 0.0272289337856464 0 0.0111219267561023 0.00622601936118864 0.0124523977160679 0.0176597015415146 0.00268214697698227 0.0135966277977246 0.0122771113419577 0 0 0 0.00839195056373303
0.0121766325305541 0.033703521030711 0.00644598653791405 0.000927146218318898 0.0124106417711211 0.000199019953218336 0 0.0163779147343746 0.00325755984390965 0 0.00344435691632017 0.00864326038082938 0.00719651643060404 0.0136746340537806 0.0183416504470887 0.0161822908733056 0 0.00726213514522839 0.00615747295041507 0.0354722341430058 0 0.0122713733361861 0 0 0 0.0103601001841772 0.0320660796198666 0.0178364156129859 0.00726691187132988 0 0 0 0
0 0.0133142953920741 0.0129887254201523 0.00711773489405989 0.0247280863430537 0 0 0.0080655942056922 0.0115699179697114 0.0252597143203519 0.018983559656772 0.0125975255244408 0 0.00887398876930915 0.0158266220755943 0 0.0324718879296332 0.000134348730018639 0 0.0199223169804918 0 0 0.0113883713546026 0.0179224735274777 0.0181859823280454 0.00998293265329025 0 0.0148229729983253 0.0198143122897917 0 0 0.00182605260922745 0.00374239694912653
0.0252555590448776 0.0218388459496018 0 0 0.0184342203262151 0.00117921979417636 0.00535843714026534 0.00492015842651634 0.0136129763476886 0.00184501162725853 0.0186437438020989 0.0315799411361892 0.0109604462416796 0.000644090319961775 0.00216590925203698 0.0240571517989571 0.00467038790437258 0 0.00736097802805652 0.00386979546661704 0.00630358278611209 0 0.0206908965824822 0.0209676877673164 0.0204061208943387 0 0.0189938324216611 0.012736104205174 0 0.0161132952149716 0 0 0
0.00541708353173026 0.0164884070915395 0.0085538967600289 0.00971234907820369 0 0.031565927007157 0.0127221498060619 0 0 0.0234032881474254 0.0194213574361723 0.0107060616218695 0 0 0 0.0229503481295439 0.0349094218542321 0 0 0.000413748549472016 0.00410599041860967 0.0245550822270307 0.00413991553622109 0.00729359017499556 0.0359868569000487 0.0137367519932982 0 0.00911420650718935 0.0211385067532118 0 0.0156116667408274 0 0
0.010260578002741 0.0212505279945739 0 0 0.0137953114689417 0 0.0243336267094129 0.0258019396109587 0.00446330263008461 0.00661688961825204 0.00356953272558766 0.0165071818453665 0.0239139899844556 0 0 0.000736588211937012 0 0 0 0.00320118251371142 0.0375227229211941 0.00153920755812595 0.00470347366475927 0.0286833476613902 0 0.0295719395789836 0.0263123481157959 0.011476495809498 0 0 0 0.0104708721913879 0.00252097473884103
0.0052682228341958 0 0.0230757654735907 0.0288666220119839 0.00474236101489998 0.00194577870060363 0.000377548625755592 0.00627186932452089 0.0201813999335561 0.0303654468070798 0.0101228729537302 0 0.0164915829313832 0.00872757165686886 0.00303854371058263 0.00549297161890744 0 0.00634919905003093 0.00921016656663687 0 0.00862130321110765 0.0114536643747052 0 0 0.05619499667874 0 0.018413291881579 0.00392245667893525 0.00432601777842404 0 0 0 0.00852871445708624
0.00875314823208863 0.0136318654265584 0 0.00106384900661037 0 0.00166081678635512 0.0160158283470321 0.0220034513268475 0.0100635163007721 0.00389498258319138 0.000660222517132902 0.00675408180543002 0 0.000683292176559479 0.0114191390610698 0.00429699843088496 0 0.0176686235328348 0 0.0275840836590876 0 0.0154233729405908 0.0109720891199785 0.0253274527587637 0 0.0258325013165128 0.0011812380300541 0 0 0.00473266037552647 0 0.00408113147588792 0.0032151886779937
0.00722642865217727 0.00242280418571639 0.025099650935705 0 0.00832033399082169 0.00690980669326993 0 0 0.00554637091583098 0.0145749896439312 0.0153944888538562 0.00937033242122146 0 0 0.00256942508150216 0.0122767582686177 0.0191988945699897 0 0.00410528397091516 0 0.0211986077705411 0.0130506670358245 0.00779707050992167 0.0209343755303061 0.0241219774230346 0 0.0117938643866338 0.00148817771916759 0.00864048560968667 0.00382132887616374 0.00264965208812428 0 0.00496112739957016
0.00791492986837565 0.0121834869718137 0.00212315861177481 0.00922630767893229 0.00462015805814706 0.00901138885925695 0.00822543777944191 0.00528407903386733 0.0143229924601065 0 0.00527733652548017 0.017255794016609 0 0 0.0116000950334868 0.00769465025282916 0 0.00603032440407785 0 0.0122728724073489 0 0.0199125428729858 0.0138225401891939 0 0.00182837628840263 0.00223864333438695 0.0042243073098696 0.0115040985115252 0.0115382053595019 0.0067911285156931 0 0.00208408034396773 0.00267891891192327
0 0 0 0.00145064512513873 0.0177167307845819 0.00754667821127298 0 0 0.0113661074140676 0.0245343574987657 0.00770511322806472 0 0.00209016206147866 0 0 0.0111211178468518 0.00770392937483712 0.0063876713189258 0.00837510498684501 0.00795795774596777 0.0158093089464335 0 0.00352381591518983 0.0247177923030121 0.00647521286953909 0.00768204213389663 0 0.00969198788308609 0.00547661478977495 0 0.0028758495392679 0.00619353594892324 0.0112367471726726
0.0100481226493751 0.00696146373969019 0 0 0.0104644501207056 0.00458391897067159 0.00592684913883071 0.00654454572936725 0.00857910702250108 0 0 0.00585998597938448 0.00470158663431657 0.014748803624025 0.0133027073205278 0 0 0.000804938793751541 0.010009352821459 0.00745850483044442 0.00508754965790374 0.00299886348643808 0 0.00349799507615714 0.00864412885639698 0.00872884907277474 0.00812952361280195 0 0 0.0148994307388388 0.00117191438671773 0.00331919159723425 0.0054539822636965
0.000388726241024117 0.00981352816329314 0.00642664676622939 0.0117213363096706 0 0.00654623792596507 0.00493124196290166 0 0 0.00826407406012128 0.0103595155993227 0 0.000309660839530321 0 0 0.00698841675225416 0.0120583192987999 0.00251551631320077 0 0 0 0.00910523130869706 0.0107876806950086 0 0.0079585203019801 0 0 0.00291033014966746 0.0142660471235942 0 0.009438953642065 0.00520006890447513 0.00342570052740123
0 0.000264459931469011 0.00266642730540027 0.000842736302112398 0.00561744314038311 0.00267007028019068 0 0.00889471303593542 0.00486431027329208 0.00701474799455887 0 0.010173695143177 0 0.00303754529301673 0.00337266351351102 0.000988309215160813 0.00243465822656697 0.00330909402752483 0.00577119175965303 0.00135260807427875 0.00144335117491579 0.00504100022495257 0.000987166306249981 0.00977038720523053 0 0.0012164318404692 0 0.0192763558562803 0.00184460353961353 0.00799684451287697 0 0 0.0050604182455629
